0.673289766
0.653289929
0.67429253
0.67372639
0.678544828
0.717898494
0.686972056
0.672124604
0.694133274
0.697376417
0.706414379
0.704864848
0.717656299
0.72558558
0.783224049
0.738755229
0.734337015
0.764533137
0.759966556
0.743485119
0.787889145
0.781652042
0.80449483
0.794650751
0.777726315
0.821719668
0.78842531
0.827069109
0.806452039
0.818690783
0.825079224
0.794410876
0.821055719
0.831671749
0.833280679
0.841838113
0.820737139
0.830195353
0.825009639
0.845184468
0.847480318
0.832795776
0.852385702
0.883808426
0.848610416
0.850229857
0.853874716
0.857065518
0.854092527
0.867707981
0.852498198
0.871920056
0.871784703
0.893915321
0.880329911
0.88684887
0.894192702
0.899172148
0.895565046
0.888595582
0.890030632
0.889588955
0.891218129
0.894050677
0.89422995
0.907985528
0.875501611
0.903396943
0.8831392
0.890899939
0.93417524
0.912968128
0.902133763
0.902701729
0.92721911
0.890923339
0.896623493
0.921461747
0.910547946
0.922435059
0.904697101
0.914559906
0.921515089
0.931333146
0.914086311
0.916479517
0.930861635
0.926528531
0.93360107
0.931043772
0.924001023
0.942064312
0.9230913
0.93362227
0.933266212
0.931844289
0.93575189
0.944673268
0.935902827
0.941988973
0.942673333
0.95327237
0.929729655
0.949239588
0.931780331
0.925612929
0.958835456
0.94715204
0.948180176
0.955971764
0.950410959
0.945862747
0.933148347
0.947539791
0.952320794
0.950759243
0.939736072
0.956842813
0.947379248
0.959423686
0.956290359
0.949432145
0.95442341
0.956481331
0.943861279
0.949362138
0.950357784
0.958728925
0.959822367
0.964936433
0.957143641
0.947068304
0.949100221
0.9420197
0.957841737
0.958514175
0.965019133
0.956866047
0.966326236
0.949849983
0.954736501
0.95796965
0.958526607
0.963999913
0.970447454
0.96204346
0.965033134
0.960838584
0.965374229
0.971651032
0.9568831
0.968386206
0.960304693
0.967567759
0.964641275
0.969482459
0.980209894
0.971605693
0.964572028
0.968435975
0.959412332
0.962086055
0.967571527
0.961729956
0.961202803
0.971945017
0.970237131
0.970030687
0.972639691
0.975121369
0.963710637
0.97263722
0.964761111
0.978298366
0.96067589
0.977671505
0.96117762
0.975596098
0.970893001
0.970062833
0.973743367
0.967459015
0.966605706
0.970367611
0.973359325
0.976760353
0.972447114
0.971210768
0.965775218
0.975640314
0.973569605
0.974071279
0.975000375
0.976893912
0.979380504
0.981855812
0.983761138
0.974295605
0.97996737
0.988585724
0.97273844
0.974209598
0.979761703
0.970575954
0.982013862
0.977557913
0.985394391
0.991432353
0.97916269
0.981132074
0.979131416
0.983397752
0.981339955
0.973230318
0.976641059
0.981449183
0.970176965
0.987270348
0.983796576
0.987358088
0.987173804
0.978524682
0.97835287
0.973980748
0.983454321
0.977013963
0.980050833
0.97598914
0.976337831
0.974555485
0.983924321
0.979432493
0.983517465
0.982637558
0.983039201
0.981639661
0.977691477
0.983136027
0.98560584
0.980718071
0.982170683
0.991459009
0.984911629
0.982164405
0.991096758
0.982033867
0.991318742
0.979311638
0.9846066
0.985176591
0.983301903
0.976789322
0.989471889
0.993312519
0.98394332
0.978763853
0.9830849
0.989056448
0.984585785
0.981198057
0.98604456
0.985759162
0.986159734
0.986656562
0.987300608
0.990025727
0.982756472
0.982488304
0.993092056
0.981046143
0.989978647
0.981431234
0.990390386
0.982284063
0.983361016
0.981872532
0.987560394
0.983373501
0.988895708
0.9870587
0.990941111
0.988406791
0.981227151
0.987136756
0.991660357
0.98425674
0.993229415
0.989391879
0.991261959
0.984095092
0.988947275
0.984998067
0.985727955
0.993730564
0.9945492
0.989771109
0.985591379
0.986566833
0.983274362
0.987073743
0.989221923
0.984458979
0.98590846
0.983478762
0.984091673
0.984085972
0.989356315
0.995814611
0.983384934
0.995910006
0.988848893
0.987339499
0.989260427
0.990541533
0.998093201
0.985154635
0.989419406
0.985763772
0.99012358
0.979650172
0.990696813
0.983514017
0.990396138
0.988012116
0.991685874
0.989822802
0.990584846
0.986812054
0.990608859
0.991517866
0.985290244
0.987051518
0.989040081
0.979454194
0.989667567
0.987153419
0.993079917
0.989085651
0.992044819
0.985880873
0.987535448
0.988310232
0.988959977
0.988253245
0.993227463
0.99657536
0.988192228
0.994268716
0.990089704
0.992780458
0.989517221
0.995092615
0.988902148
0.983716762
0.98140284
0.992986211
0.989826263
0.993691189
0.988525521
0.985530107
0.993899876
0.994320656
0.98773908
0.990850809
0.988509516
0.994532618
0.988917969
0.992993774
0.988823872
0.986667377
0.992790158
0.989024706
0.993946222
0.995136213
0.989821398
0.991896046
0.990300856
0.994956794
0.989889608
0.99490557
0.986856392
0.992593211
0.990834303
0.995580098
0.988386808
0.989686775
0.988908932
0.987871125
0.998799564
0.993661395
0.993128205
0.993369402
0.988483123
0.991566908
0.999521873
0.991245982
0.990843867
0.998650788
0.994728241
0.997586742
0.99173981
0.993349014
0.993684269
0.993992097
0.995861604
0.991150428
0.987413107
0.990974082
0.996890084
0.994765807
0.993580556
0.994872517
0.99124772
1.000139458
0.991632597
0.995288873
0.990075922
0.992129143
0.994218856
0.995176242
0.998045588
0.992081485
0.990653671
0.995196204
0.994488612
0.992003667
0.989750273
0.998717383
0.995323622
0.992779614
0.993120044
0.990387685
0.994460566
0.99695196
0.995466542
0.99294189
0.994049382
0.994622798
0.994512121
0.987119322
0.993018284
0.99031665
0.991864896
0.995918059
0.991281641
0.990569121
0.993264192
0.992115438
0.996683785
0.992139013
0.992375894
0.99445485
0.99334704
0.990510636
0.989880084
0.995755242
0.997240194
0.993262608
0.992101835
0.989558765
0.990124586
0.993113969
0.993765054
0.991672965
0.992504274
0.993894256
0.991463334
0.995623225
0.992908919
0.991981003
0.993969027
0.992894852
0.994771084
0.990496978
0.995365059
0.992503076
0.994376628
0.990653331
0.992393215
0.991161488
0.99349998
0.992524651
0.995130112
0.988121344
0.990088178
0.992731617
0.991922811
0.994753618
0.993886237
0.992149693
0.992055633
0.993715145
0.994033403
0.992720893
0.989455259
0.99398082
0.987940641
0.99262607
0.991857826
0.994410043
0.991480291
0.995229745
0.989578268
0.994726327
0.990920986
0.99313429
0.999027038
0.994420244
0.987193834
0.993848153
0.991332943
0.987637789
0.995478474
0.995590971
0.994255043
0.996062128
0.992286636
0.993600884
0.995678758
0.993130733
0.991371368
0.988309086
0.991265488
0.99641658
0.992192436
0.996625064
0.997508257
0.99001242
0.995581199
0.990935813
0.999785375
0.992105883
0.996228115
0.994782496
0.993533793
0.993055866
0.996117473
0.996282213
0.995371137
0.992671573
0.9939831
0.996071714
0.99902632
0.99227678
0.99826832
0.997431947
0.994227968
0.998680418
0.997048948
0.997928087
0.996592702
0.994622129
0.998354702
0.993058581
0.99225968
0.993324571
0.992622654
0.991584398
0.993980183
0.993446527
0.997235654
0.996384077
0.991407406
0.995676035
0.994145678
0.99322307
0.995026914
0.996364861
0.993993488
0.998787942
0.996862653
0.994853329
0.996831981
0.9934701
0.995733718
0.994856661
1.001774196
0.996289715
0.993440905
0.996025031
0.999011309
0.996135843
0.993098941
0.992107398
0.992101224
0.993366851
0.995786753
0.995256703
0.996368099
0.992588232
0.993248673
0.996462578
0.998010186
0.993188578
0.99634172
0.995057274
0.996049721
0.993742957
0.995762767
0.996462723
0.996508075
0.997714777
0.99360243
0.996229164
0.995520943
0.987711023
0.993728296
0.995569782
0.997992171
0.992962162
0.991659692
0.992865937
0.995975573
0.993173598
0.995443906
0.995832717
0.997453149
0.993893213
0.996336936
0.998099167
0.995207103
0.996143272
0.992777565
0.995936177
0.991094821
0.992690828
0.995517431
0.998038335
0.996719023
0.993826834
0.992917372
0.993135351
0.997162112
0.994306871
0.998697207
0.998691539
0.997005713
0.997101544
0.996402075
0.99222496
0.99553974
0.994701588
0.991871165
0.995353725
0.995338111
0.998989543
0.995207772
0.995297568
0.996057844
0.996654424
0.998864943
0.997078548
0.994895656
0.995193686
0.99626857
0.992879633
0.997297496
0.995986959
0.99602223
0.994308578
0.996989091
0.992785688
0.993823068
0.996145365
0.99525983
0.997209968
0.998023937
0.995882729
0.997259087
0.999279073
0.993870495
0.994260786
0.996753723
0.998186753
0.99705046
0.998001876
0.99585629
0.995603629
0.996794154
0.997002348
0.99689621
0.997799569
0.995159171
0.997438067
0.995546367
0.99641231
0.996699353
0.996829016
0.997599034
0.996578821
0.995536315
0.998987659
0.998339222
0.995778203
0.99744326
0.997011338
0.994892821
0.998927387
0.997770177
0.99845396
0.996152098
0.995758446
0.993844965
0.993311731
0.998051552
0.997290695
0.995678748
0.998716076
0.993647466
0.995914794
0.993648827
0.995649772
0.994613797
0.994586897
0.994929431
0.995759459
0.998153503
1.000107903
0.99930749
0.994888104
0.997427072
0.997748702
0.995340189
1.002352293
0.997283006
0.99533834
0.998226994
0.99757929
0.998251751
0.998585548
0.999252456
0.998822194
0.99505713
0.999779588
1.000359677
1.000649104
0.998389123
0.996526626
0.994575818
0.996864258
0.999109157
0.995378733
0.993244418
0.999677085
0.997593905
0.996645044
0.995397283
0.996089786
0.993383728
0.997513493
0.999393802
0.996745712
1.001010979
0.999967475
0.996751007
0.995360963
0.996100231
0.995935141
0.99515635
0.996585916
0.99614027
0.996991786
0.998968032
0.997551314
0.99655221
0.995283745
0.998348702
1.000446425
0.995471447
0.997583708
0.995795052
0.998268337
0.995862527
1.001917391
0.998287754
0.99962085
0.99901441
0.99741013
0.9964722
0.99896295
0.999802137
0.997429036
0.998159578
0.996249088
0.994786607
0.997754754
0.995931248
0.998539304
1.001232004
0.999029561
0.999233606
0.999155877
0.998837309
1.000283671
0.996873409
0.998702815
0.998699771
0.99856994
0.999578939
0.999842782
0.998238646
0.99914374
0.996705794
0.996703481
0.997282489
0.997754822
0.998871083
0.99865306
0.99889112
0.996517002
0.998534112
0.99805465
1.000825204
0.99701576
0.996842697
0.997099367
0.999090959
0.997646201
0.995847534
0.997941579
0.998527734
0.996787909
0.997024159
0.997895347
0.998374048
0.998442044
0.999267387
0.999083391
1.001577137
1.001269586
0.997087982
1.000382726
0.99958569
0.999402914
0.998023281
0.998665482
0.997769982
0.999776914
0.998963574
0.997374981
0.999369023
0.997577496
0.996500438
0.998540314
0.998500065
0.996399159
0.999515464
0.996801504
0.99921921
0.99846208
0.998462296
0.999711988
0.999680102
0.998592377
1.002554293
0.99896709
0.999038471
0.995515616
0.997842773
0.99862182
0.996390852
0.999425899
0.997676639
0.99842973
1.000124655
0.998457884
0.999158469
0.999214308
0.996945176
0.996832037
1.000490952
0.999296045
1.002326853
0.998865389
0.997667395
0.995728668
0.998206878
0.999653263
0.999460305
1.000713075
1.000101178
0.99901605
0.997913725
1.000272964
1.000159941
0.999230069
0.999972817
0.998764659
0.999005856
0.9995904
0.999591637
0.997876913
0.995877788
1.00177089
0.998029947
0.998987392
0.999656691
0.999527464
0.997904172
0.99974744
0.99733288
0.998335263
0.999485529
0.9997336
0.996799402
0.997445986
1.001811849
1.000116991
1.000381491
0.998592235
0.998951851
0.998241941
0.99902904
0.997007807
0.999481119
0.99751935
0.996524817
0.996790564
0.998984373
0.999608545
0.996105753
0.996855392
0.995155077
0.997909066
0.99605978
0.998283146
0.999063388
0.995990542
0.997408378
0.998092446
0.996780764
0.995296677
0.998947771
0.997938986
0.998740907
0.997476233
0.997367964
0.999745192
0.998527498
0.997340334
0.998724824
0.998852212
0.999724989
0.998326227
0.996601548
0.998219123
0.997125396
0.998405234
0.99827957
0.99761165
0.997461108
0.999731979
0.996592477
0.99626637
0.998350169
0.996718062
0.998252047
0.997787829
0.998524421
0.995952306
0.999028189
0.998315498
0.998636486
0.998338134
0.998187316
0.998175731
0.997345569
1.000071056
0.999722889
0.996480716
0.999486439
1.000195599
0.995453865
0.998832783
0.997293164
0.99660964
0.998934177
1.000382065
0.99751935
0.998980297
0.998140485
1.000900573
0.997856212
0.998255288
0.997331444
0.998405184
0.997519826
0.998322236
0.997371372
0.997934469
0.996957823
0.998156943
0.998694587
0.998441914
0.998109078
0.997887713
0.998774086
0.99799816
0.998202456
0.99820913
0.997465006
0.99848848
0.998615309
0.99975932
1.001785306
0.998395989
0.998947951
0.999817733
0.998327109
0.997627262
0.998365933
0.997404296
0.999657529
0.998253246
0.997603754
0.99966008
0.99813069
0.997829585
0.997122877
0.998810139
0.996461993
0.999536846
0.999409124
0.999427489
0.99915416
0.99919875
0.998282139
0.998182731
0.998390001
0.997101414
0.99812378
0.998646413
0.999323273
0.999761324
0.99923119
0.999136793
0.99905771
0.997347636
1.000246434
0.996645111
0.997764796
1.001237689
0.998756967
0.998268467
0.999469225
0.999306551
1.000277829
0.996125053
0.997988491
1.000288082
0.999325608
0.998802297
0.998388647
1.000008232
0.999838434
0.997874021
0.997456081
0.998503489
1.000269314
0.997567833
0.999250037
0.999975944
0.999738942
0.998490834
0.999369104
1.000696275
0.999364996
0.99822917
0.997431214
0.998851192
1.000680708
0.998439537
1.00097752
0.9986681
0.99883912
0.997314179
0.998181083
0.998262075
1.001247174
0.998136472
1.000534721
0.999031428
0.99952777
0.998558879
0.999401346
1.000006952
0.999480018
0.998352591
1.000618807
0.999404371
0.999107621
0.998610832
0.999401433
0.996559613
0.997590038
0.999782549
0.998618271
0.999265945
0.998652607
0.998724796
0.999902031
0.998901823
1.000060404
0.999336876
0.999984653
0.998453277
1.000268026
0.999107301
0.998694167
0.999964118
0.998484672
0.998339642
0.999234332
0.999672678
0.999064876
0.998838497
1.000115487
0.999209873
0.99858589
0.99782699
0.99953801
0.999107352
0.99892233
0.999590149
0.999354717
0.998544082
0.999522462
0.999901439
0.999626354
0.998857261
1.001170857
0.999102066
1.001266742
1.001063588
0.997690622
0.999704795
0.999855326
0.998790823
0.999237285
1.000319184
1.000345017
0.999593215
0.999422808
0.999607158
0.999458586
0.999786099
1.000139728
0.99898477
0.999159051
0.999984469
0.999445144
0.999171899
1.000241963
0.99884219
0.99940264
1.000340994
0.998982592
1.000112508
0.999969718
0.99865426
0.998231402
1.00017854
0.99869418
0.998948535
0.999968443
0.999074873
0.998845163
0.999405791
0.999522717
1.000433939
0.9993311
0.999209819
1.000891801
0.999361286
1.000020333
0.999234465
0.999100079
0.99908628
0.997875625
0.999817817
0.999982885
1.000046283
0.99853906
1.000033651
1.000575123
1.000768119
0.999586412
0.999458403
0.999690126
0.99920035
0.999631455
0.99824368
0.999408678
0.999191765
1.000827422
1.000030103
0.999431091
0.99959923
1.000704964
0.998599738
0.999565968
0.999240241
1.000836797
1.000160919
0.999074054
0.99939322
0.999930585
1.00046562
0.999547409
1.000042472
1.000099019
1.000382522
1.000520478
1.000472291
0.998586094
0.999721606
1.000140943
1.000399299
0.998627773
1.000823891
1.000238907
1.000140474
0.999810636
0.999600612
0.999783366
0.999699237
1.000243389
0.999968571
0.998708506
0.999635373
1.000292027
1.000727472
1.000444334
1.001053244
1.001607682
0.998670592
1.000721424
1.001374987
1.000597408
0.999974832
1.000937332
1.000499044
0.999582386
1.000013633
0.99895323
1.000418037
0.998489529
0.999614671
0.999587944
0.999877727
1.000805875
1.001204965
0.999471667
1.000497143
1.001028934
1.00032819
0.999035064
1.001656541
1.000000521
1.000050424
1.001453935
1.000228716
1.000721042
1.001169818
1.00107318
1.000302302
0.998855365
1.00088686
1.000773159
1.000129965
1.001625406
1.000307698
1.000061454
1.0001974
1.00050851
1.001305507
0.999779147
1.000085262
0.999715315
0.999698027
1.001149028
1.0003326
0.999844513
1.00054554
0.998850323
1.000129229
0.999621888
1.00030926
0.99965196
1.001071607
0.999575872
1.00165469
1.001613004
1.000805813
1.001766545
1.000477258
0.999994867
1.000168857
0.999300513
1.001685372
1.000273396
1.000981689
0.999664347
1.000298245
0.998327972
1.001003063
1.000374487
1.001274361
1.000230902
0.999907166
1.000946234
1.000351715
1.001437993
1.000755635
1.001430558
1.001203094
1.001758402
1.000181619
1.00081457
1.001430644
1.001034973
0.999433162
1.001232184
1.001324486
1.001334381
1.000575623
1.000521505
1.000633946
1.000715311
1.000952087
1.000087491
1.000998168
1.001650409
1.000566118
1.001069353
0.998991148
0.999758863
1.001352124
1.002486005
1.000315873
1.00053993
0.999881993
1.002420978
1.000946474
1.000294934
1.00095531
1.000960125
1.000608732
1.000591449
1.000682274
1.001912321
0.999933827
1.000130558
1.001386486
1.000099343
1.002719855
1.001104775
1.000542829
1.002009953
1.000638884
1.000808274
1.001039686
1.000933573
1.000411734
1.001509118
1.00113158
1.001376492
1.000090686
1.000142923
0.999925849
1.000223673
1.000631971
1.000280554
1.001617895
1.00003899
0.999977105
1.000484745
1.000753866
1.000835631
0.999029292
0.99913274
1.000236884
0.999683176
0.999706437
0.999127664
0.99936534
0.99965359
0.998790242
0.999555473
1.000233163
1.001755976
1.000496197
1.000856147
0.999912847
0.99968861
1.000098698
1.000184843
1.000300482
0.999179141
1.000360276
0.999835108
1.001022983
0.99917365
0.999809528
0.999832235
0.999410329
0.999937461
0.999565261
0.999524504
0.999949419
1.000314028
0.99922084
1.001675995
0.999835349
1.00040538
0.99985307
1.001286851
1.000122621
1.000270694
1.00040344
1.000216963
1.000463861
0.999292125
0.99895369
0.998627006
1.000101517
0.998927827
0.999570638
0.999539866
0.999376918
1.00009228
1.000718369
0.99920721
0.999252485
0.999028829
0.999619468
0.999402154
0.999932488
0.998779122
1.000231069
0.999275506
0.999540264
0.999581106
0.999960442
0.999386775
0.999330621
0.999668078
1.000174128
1.000420602
0.999953472
0.998877151
0.999567438
0.999584125
1.000404129
0.999549611
0.999603006
0.999421781
1.001099849
1.000726529
0.999416584
0.999595269
0.999883489
1.000361929
1.000184654
1.000439072
0.999194715
0.999691949
0.999893603
1.000083365
0.999665154
0.999708014
0.999419928
0.999665693
1.000501512
1.000365955
1.000633675
1.000282935
1.000465911
1.00067446
1.000155821
1.000034904
0.999656719
1.000433061
0.999752505
1.000463671
1.001091196
1.000578234
1.000465545
1.000608081
1.000372274
1.000379845
0.99970994
0.999215561
1.000204511
0.999637912
1.001335967
0.999409728
1.001278816
0.999747875
0.999417978
0.998683347
1.000170568
1.000987204
0.99937074
0.999693252
1.000139245
0.99958951
0.99948979
1.0004552
0.999550534
1.000619926
0.999771526
1.00007153
0.998866592
1.00005271
0.999329258
0.999947577
0.999354881
1.000144745
1.000641143
0.999495248
0.998765472
1.001180595
0.999531907
1.000761428
0.999655053
1.000948853
1.00051353
1.000230496
1.000215143
0.999792707
1.000237919
1.000181506
1.000915007
1.000902687
0.99980154
1.000552628
0.999901093
1.000462247
1.000712805
1.000180705
1.000883111
1.000165973
1.000188784
0.999203351
1.000685593
1.000849359
1.000157299
1.000017753
1.001008082
1.000422677
0.999927626
0.999878763
0.999792656
0.999768985
1.001410597
1.000042944
1.000439449
0.99851115
1.000515523
0.998626061
0.999724382
1.000361132
1.000687641
1.000122113
1.000562511
1.001331967
1.000322317
1.000753743
1.000109338
1.000612502
1.000177215
0.999529114
1.000781685
1.000283491
1.00171061
1.001041581
1.001326124
1.000354895
1.001436536
1.001093376
1.000404044
1.002232474
1.000993563
1.001295326
1.000778903
1.000306785
1.000984271
1.001365135
1.00110892
1.001145353
1.000888131
1.001266695
1.000316302
0.99965638
1.000315837
1.001177015
1.000595166
0.99963955
0.999276747
1.000586339
1.000803044
1.000724099
1.000641703
0.999430746
1.001519116
1.001166569
1.000366754
0.999956651
1.000779028
1.000751772
1.000849209
1.000650356
1.001252875
1.000334917
1.000175281
1.002245116
1.000378849
1.000126794
1.000563216
1.001248772
0.999373858
1.001393936
1.001104523
1.001978193
1.0008249
1.000678358
1.001099555
1.000829611
1.000583966
0.999847196
0.999885005
1.000523571
1.000277921
1.002151737
1.001155145
1.000624158
1.00037094
1.001235857
1.000777753
1.000546564
0.999737306
1.001554962
1.00110861
1.001572402
1.000775667
1.000107837
1.000349571
1.001176846
1.001145199
1.000020735
1.000324572
1.001451995
1.001139248
1.001494897
0.999625759
1.001887888
1.000946241
1.001013067
1.001376662
1.000755086
1.001255528
1.0001063
1.00111291
1.000147455
1.00078046
1.000563004
1.001232945
1.000132484
1.001082084
0.999738073
1.001019022
1.001479253
0.999492886
1.001404524
1.00147168
1.000669116
1.000900135
1.001237608
1.000634364
1.001596025
1.000492056
1.000026296
1.000577912
1.00115396
1.001981907
1.000981745
1.001569369
1.001162772
1.000900731
1.002243904
1.001434421
1.001719957
1.001085346
1.001808035
1.000742034
1.001706284
1.00166574
1.001499398
1.000500323
0.999746872
1.000114875
1.001299918
1.000065432
1.002067527
1.000275224
1.000394081
1.000299634
1.001727252
1.000971978
0.999858844
1.000235797
1.001382555
1.000925802
1.000740146
1.001667863
1.002091107
1.001717687
1.00179086
1.002235668
1.000684063
1.00095235
1.001232528
1.001758034
1.001332719
1.00254306
1.001930735
1.000951406
1.000436155
1.001249223
1.001112925
1.000502136
1.001021858
1.00174749
1.002019625
1.000998318
1.000923593
1.001557267
1.000611839
1.001748844
1.001104176
1.000663288
1.000425487
1.001102022
1.001402129
1.002632812
1.001246603
1.000727723
1.001179127
1.001680056
1.001241253
1.001198231
1.00141156
1.002404149
1.001601596
1.00200228
1.001044815
1.001394935
1.001324903
1.001378015
1.00173978
1.00138549
1.001581917
1.0019653
1.000983222
1.001545805
1.000989072
1.001671116
1.00076755
1.001644455
1.001491686
1.001067923
1.002510255
1.002643807
1.002004435
1.001658689
1.001282925
1.000893904
1.000767768
0.999978757
1.001085141
1.001271963
1.000932941
1.001596655
1.001289737
1.001163267
1.00091271
1.002663448
1.001916209
1.002088508
1.001065941
1.000495912
1.000663755
1.001922329
1.000928865
1.000956065
1.001479383
1.000459995
1.002074626
1.002001014
1.001346905
1.001205243
1.001186576
1.0008442
1.000908871
1.002776061
1.002173585
1.00152062
1.001259889
1.00168204
1.001936337
1.001548326
1.000686467
1.002127316
1.001033579
1.001498433
1.001988924
1.001165282
1.001007945
1.000577013
1.001578313
1.002769644
1.001863371
1.000398625
1.000659618
1.002585262
1.001869466
1.002351084
1.000912806
1.000497926
1.002098718
1.001980709
1.00142724
1.001633691
1.001705466
1.000253188
1.000696306
1.00127601
1.000789813
1.002008977
1.001476519
1.0017371
1.000131029
1.001688044
1.000887174
1.000685548
1.000103521
1.001720477
1.00171092
1.000262482
1.001004837
1.001047763
1.000537079
0.999955748
1.000572582
1.000467979
1.001470079
0.999972454
1.001546064
1.001979115
1.001486685
1.001825595
1.001045273
1.001374094
1.001707405
1.000910265
1.001159434
1.002092415
1.001790887
1.000684137
1.000564051
1.000975122
1.001124124
1.001560786
1.000791676
1.000961162
1.00117692
1.000080692
1.001166461
1.001009583
1.000839996
1.000566623
1.001475781
1.001358118
1.001740816
1.000890921
1.000841703
1.000469187
1.000494589
1.001581955
1.001367333
1.000357561
1.000929663
1.001352972
1.001755872
1.002031195
1.001266072
1.000924486
1.002204292
1.00124665
1.001021267
1.000247155
1.001134182
1.003033293
1.001107798
1.001042604
1.002122996
1.001985726
1.001218948
1.001567763
1.001989872
1.002139995
1.002092681
1.001331408
1.000816372
1.001424683
1.000761714
1.001953304
1.001972922
1.001965595
1.002053163
1.001463571
1.002062157
1.001891199
1.001712753
1.000778304
1.001089875
1.002193476
1.000695686
1.001647618
1.001233543
1.001637905
1.00212532
0.999996632
1.001029308
1.000722244
1.001070068
1.001154163
1.002073572
1.001883876
1.001475536
1.001263279
1.001137755
1.001339044
1.000770303
1.001287835
1.001366431
1.002101336
1.00211644
1.001825569
1.002360632
1.001562719
1.001988253
1.001596714
1.001066681
1.00171657
1.002238126
1.001010381
1.001148504
1.00200598
1.001110447
1.002259514
1.002173523
1.001648707
1.001646847
1.002300507
1.001158537
1.00144959
1.001265057
1.001151935
1.001731625
1.001367823
1.002437656
1.001515092
1.001742221
1.002046493
1.001906052
1.001402613
1.000998077
1.002156305
1.001526786
1.000750171
1.00105707
1.001862073
1.00209576
1.001093533
1.000848482
1.002071574
1.001294406
1.001941955
1.002402939
1.001581279
1.001722422
1.002062642
1.001577277
1.002624669
1.001998226
1.001446054
1.001332118
1.002181078
1.001415359
1.000858965
1.001420308
1.001226092
1.001500268
1.001666178
1.001410886
1.00275578
1.002255948
1.001992307
1.001786014
1.002407836
1.001443781
1.001793276
1.001101806
1.001509611
1.00155771
1.001873823
1.001982192
1.001631608
1.001639875
1.002563769
1.002201336
1.001703899
1.001424706
1.001327956
1.002208423
1.001016354
1.001557027
1.002100825
1.002062635
1.002359757
1.002049479
1.001456074
1.001882908
1.001954657
1.00315602
1.001312705
1.001320188
1.001810048
1.00198471
1.002708305
1.00155871
1.002466957
1.002237616
1.002363486
1.001438302
1.001604651
1.00261767
1.001554323
1.001945388
1.001773686
1.002981752
1.001194694
1.001259541
1.001775056
1.001948165
1.002534677
1.00161966
1.002066163
1.001234288
1.002652113
1.001291017
1.001867255
1.001051133
1.002184973
1.002347351
1.001700916
1.002337513
1.001641915
1.00226687
1.001826485
1.00277761
1.00144672
1.001689889
1.002725694
1.002409911
1.002131398
1.002148284
1.002118106
1.001439949
1.002512972
1.002338689
1.00281416
1.002221536
1.002524643
1.002841919
1.002468592
1.003166341
1.002768088
1.001375204
1.002058816
1.00196973
1.002579616
1.002627257
1.002732743
1.002435963
1.001190205
1.002235982
1.002665216
1.002016763
1.003076834
1.001296979
1.002120443
1.002257647
1.001987578
1.001775436
1.002472525
1.002676369
1.00185258
1.002078882
1.002300613
1.001934279
1.002114598
1.002415207
1.002348104
1.002791097
1.001463475
1.002700898
1.000879605
1.001533827
1.002133558
1.00289823
1.002081016
1.002756886
1.002300492
1.002450325
1.001787368
1.002520044
1.002507655
1.002173753
1.001365675
1.001884835
1.002007578
1.002817055
1.00239615
1.001924558
1.002237451
1.002060237
1.001746384
1.002563609
1.001996077
1.002239997
1.002707501
1.001210792
1.002081338
1.00127715
1.002494947
1.001537096
1.002940421
1.001563893
1.002279655
1.001318354
1.001903015
1.002328975
1.003112834
1.002503626
1.001640982
1.001778896
1.001800369
1.002952062
1.00207665
1.001633472
1.002137511
1.001544713
1.002433357
1.001972047
1.001584458
1.002034124
1.002699561
1.001840531
1.003067576
1.002556193
1.002432955
1.001985504
1.002766562
1.002972936
1.003729821
1.002162584
1.00255043
1.001815339
1.002419664
1.002145957
1.003099837
1.002817384
1.00212376
1.002062222
1.002303829
1.002423009
1.001606515
1.002867405
1.002366988
1.003024167
1.002695622
1.002012877
1.002569169
1.002487224
1.001989056
1.003439321
1.002654375
1.002933635
1.002454145
1.001972687
1.002492539
1.002588787
1.002983334
1.0029125
1.002497005
1.001555518
1.002227312
1.003186866
1.002806896
1.002196344
1.002250418
1.002746944
1.003075127
1.003090932
1.003199664
1.002504434
1.002704584
1.002399046
1.002483521
1.002365269
1.003023618
1.002545959
1.002832071
1.003029081
1.002901214
1.002789554
1.002299472
1.003061912
1.002136331
1.002093351
1.002297642
1.002700691
1.002276354
1.003479068
1.002596278
1.002685839
1.003360384
1.002919894
1.002399205
1.002682411
1.002334029
1.002745862
1.001940582
1.002155139
1.002777491
1.003222146
1.002448381
1.00381908
1.00231003
1.003326202
1.002792208
1.002806949
1.002871274
1.002779544
1.002147299
1.002764044
1.002593456
1.002465564
1.002233315
1.002610077
1.00311466
1.003008756
1.0023531
1.002101311
1.002851198
1.001894848
1.002612459
1.002268221
1.00300066
1.001732336
1.003037003
1.003318242
1.00241943
1.002386649
1.00229477
1.001954533
1.003309462
1.002186516
1.003093723
1.003198086
1.002353481
1.002447511
1.00242358
1.001830205
1.002755495
1.002936122
1.002662445
1.001831059
1.001579727
1.002143323
1.002631588
1.001874691
1.002722411
1.002960146
1.002477046
1.002801299
1.002483665
1.001779574
1.001710404
1.002633665
1.002494534
1.001915129
1.001850047
1.002466997
1.002101799
1.002666861
1.002309641
1.002080414
1.003375626
1.002214651
1.002196221
1.002457855
1.00238642
1.001499825
1.00237584
1.001747731
1.002676486
1.002693378
1.002605907
1.002513484
1.001922574
1.002808787
1.002023925
1.002123436
1.002640891
1.002683341
1.002633092
1.002194206
1.00248878
1.002021922
1.002970244
1.001730606
1.002509172
1.001949345
1.002778629
1.002276774
1.003136813
1.002523598
1.003107079
1.002999145
1.002322737
1.002215398
1.002966402
1.002074373
1.002652448
1.002849777
1.002578071
1.002501132
1.002794352
1.002838842
1.002210329
1.002982837
1.002174477
1.002319061
1.002839761
1.001953643
1.001474821
1.002373905
1.003262031
1.002198311
1.002616488
1.002463548
1.001539584
1.002495751
1.002480898
1.00328577
1.002693749
1.001896551
1.001225033
1.002769172
1.001764259
1.002826989
1.002905294
1.001913256
1.001573094
1.002523497
1.001983421
1.002417295
1.002859768
1.0023886
1.0029929
1.002661383
1.002468304
1.002334995
1.001911353
1.002429632
1.002588357
1.002856049
1.002148042
1.00309876
1.001663364
1.002105902
1.002438394
1.00229196
1.002524799
1.002422884
1.002698845
1.002876232
1.002941429
1.002316584
1.001662996
1.002691288
1.001931403
1.002870957
1.002365819
1.002244382
1.002717881
1.002474404
1.002463218
1.002879062
1.001404239
1.00279908
1.002376299
1.002058382
1.002615132
1.002960562
1.00299205
1.002243153
1.002098434
1.002926666
1.002412138
1.002516709
1.002647799
1.002965894
1.002780597
1.002930683
1.002756577
1.003148451
1.001689556
1.002134899
1.002469056
1.001942204
1.002991291
1.003073562
1.003320155
1.002713132
1.0024936
1.002816993
1.003190262
1.002908289
1.002933703
1.001952968
1.002771289
1.001706265
1.00268058
1.00266152
1.002626338
1.002227793
1.003453428
1.002389253
1.003069596
1.003615859
1.002649596
1.003245591
1.002352858
1.003260148
1.002614751
1.002877419
1.003346714
1.003642066
1.002139311
1.002512408
1.002849809
1.002465115
1.003745307
1.002422791
1.00321997
1.002553388
1.002448582
1.002455155
1.002899708
1.002860019
1.003004238
1.002988086
1.00281721
1.002771672
1.002334207
1.003084797
1.00326289
1.002988795
1.003124016
1.003091627
1.002839866
1.002969263
1.002240583
1.003023727
1.002267702
1.002908357
1.003095166
1.002879517
1.002454581
1.002655102
1.002846246
1.002373569
1.002479236
1.002962353
1.002452094
1.002808748
1.003115394
1.003054632
1.00293433
1.002455431
1.002965783
1.003046227
1.003375342
1.003078721
1.003237821
1.003163877
1.002718853
1.002569069
1.002553869
1.002822018
1.002112136
1.002315538
1.001779368
1.002571455
1.002736539
1.002951764
1.002612036
1.002906201
1.002767149
1.003007475
1.003757213
1.002185552
1.003146778
1.002981788
1.002437069
1.002730189
1.002561752
1.002783811
1.002539181
1.003097239
1.002563954
1.003355096
1.002932754
1.002768588
1.002484515
1.003216976
1.001974296
1.002770754
1.003258498
1.003335572
1.002914111
1.003002389
1.002049642
1.00303331
1.003223691
1.002490693
1.003316149
1.002738864
1.003284942
1.002976069
1.002664485
1.002617017
1.003113479
1.0037435
1.002961929
1.002556081
1.002956076
1.003419509
1.003002633
1.002587323
1.003015465
1.002519409
1.003389223
1.003203731
1.003057298
1.002666123
1.002890126
1.003393076
1.00308626
1.003752957
1.003289429
1.00278792
1.003269809
1.00280315
1.00238584
1.002859766
1.002659535
1.003215065
1.003399538
1.002644281
1.002999128
1.003086405
1.002718276
1.003419452
1.00290022
1.00348287
1.003127113
1.003340786
1.00328669
1.002686905
1.003358867
1.003223131
1.003475804
1.002822599
1.003288839
1.003044417
1.003405189
1.00332581
1.002615576
1.00242818
1.002585304
1.003425276
1.003823889
1.00246506
1.002299214
1.003144262
1.002102518
1.00308507
1.002462203
1.002381278
1.002783293
1.00283941
1.002245699
1.002953529
1.003327124
1.002818901
1.002985432
1.002706625
1.002596353
1.003650107
1.002782471
1.003260561
1.003362429
1.003137235
1.003394079
1.003678612
1.002684407
1.002979994
1.003657636
1.003407963
1.003571766
1.002926211
1.002730857
1.003053013
1.002893444
1.003074621
1.002746214
1.002910886
1.003185194
1.002495503
1.002494088
1.00285954
1.002818246
1.002343505
1.002895847
1.002659378
1.003121705
1.00389375
1.003800588
1.003458506
1.003313799
1.002949326
1.003118054
1.00401323
1.004000057
1.003231061
1.003808335
1.003541629
1.003618532
1.003346636
1.002865603
1.003067121
1.003223504
1.003535019
1.003257515
1.003184386
1.00308799
1.003318928
1.003087748
1.003308825
1.002597818
1.00348112
1.002573481
1.003655769
1.003295504
1.002768751
1.002748928
1.00286179
1.003579565
1.003349756
1.00309262
1.003181974
1.002891446
1.003084438
1.002919904
1.003561115
1.003982408
1.003506916
1.002538742
1.003314121
1.002924493
1.002850256
1.003553085
1.002981606
1.003256678
1.00308785
1.003764722
1.003007949
1.003308587
1.003622997
1.003562425
1.003028204
1.003573873
1.003452257
1.003216942
1.003853372
1.00323075
1.002820645
1.003985139
1.002958704
1.003285708
1.00425585
1.003113367
1.003353788
1.003463582
1.003310279
1.003593265
1.004156788
1.003625684
1.003666467
1.00358337
1.00325162
1.002877764
1.003548366
1.003760918
1.003364207
1.003249176
1.002954899
1.003732776
1.002516922
1.003464041
1.002926634
1.0030756
1.003059697
1.003644647
1.003810071
1.003486509
1.003109142
1.002694777
1.003304153
1.003480093
1.00250845
1.002761691
1.003035424
1.003488912
1.003065629
1.003585565
1.003182364
1.003496931
1.002981056
1.002339234
1.003209262
1.003099153
1.002736141
1.003204953
1.00198978
1.002488718
1.002970222
1.002458622
1.00319222
1.002877629
1.0027634
1.003409891
1.002650586
1.003053333
1.002657914
1.00248698
1.002545209
1.002390659
1.003152594
1.002869825
1.002925581
1.002339103
1.002961574
1.002641267
1.002908483
1.002465338
1.00255473
1.003340639
1.002487771
1.002509874
1.002356713
1.002716721
1.001981453
1.002264084
1.003253584
1.003230892
1.00227046
1.00250046
1.002492311
1.002638131
1.002852496
1.002832887
1.003010119
1.002936578
1.003452014
1.002737698
1.002846863
1.00282633
1.002798367
1.002786762
1.002907502
1.002528725
1.003212674
1.002945526
1.002755781
1.002520343
1.002528479
1.002862026
1.003046356
1.002405391
1.003138465
1.002835263
1.002812996
1.002602936
1.002752784
1.002543168
1.003024918
1.003212717
1.003068826
1.003290295
1.00267404
1.002531719
1.003052605
1.003109496
1.002943733
1.003066817
1.00280009
1.002849266
1.002507706
1.002428879
1.003010495
1.00367777
1.002737305
1.00288664
1.003443566
1.002460998
1.002827334
1.002729641
1.002751455
1.002456902
1.002884511
1.002854813
1.003030646
1.002737385
1.002473317
1.003279086
1.00309754
1.002848496
1.003088501
1.003254651
1.002891691
1.003039081
1.002614703
1.003118654
1.00244613
1.003042185
1.002715294
1.00328169
1.002404272
1.002648884
1.002536746
1.002324524
1.003374077
1.003119456
1.002892272
1.002699458
1.002740374
1.002934333
1.00259214
1.00284626
1.002739439
1.00313919
1.002522509
1.002913609
1.003307842
1.003009588
1.003149185
1.003300346
1.00290711
1.002290746
1.002545908
1.003221718
1.002118832
1.002500863
1.002893999
1.002871114
1.002885599
1.002476715
1.003309456
1.003734105
1.003379133
1.002618231
1.003103737
1.002770175
1.002684389
1.00332049
1.00368827
1.002612312
1.002746927
1.0030783
1.002379728
1.003146873
1.002980446
1.003395093
1.002925153
1.00332531
1.00264005
1.003078448
1.003261143
1.003174479
1.003169434
1.002970587
1.002799853
1.003118191
1.002381173
1.003083946
1.003045255
1.003342847
1.002917943
1.002685058
1.002743699
1.003202457
1.002993122
1.002904615
1.002779292
1.003107147
1.003661709
1.00274553
1.003228813
1.002693155
1.002489356
1.003075103
1.003321415
1.00269867
1.002838345
1.003097336
1.002698891
1.003529292
1.002570621
1.003050736
1.002344997
1.003302525
1.002582294
1.003147201
1.002547046
1.002914193
1.003215988
1.00278623
1.003277461
1.00269815
1.002616697
1.002439407
1.003472531
1.002561943
1.002873095
1.003205934
1.00346579
1.003532215
1.002983679
1.003284505
1.003572387
1.003193744
1.00295345
1.002832352
1.003170025
1.003343999
1.003035311
1.003279555
1.003403428
1.003100557
1.003421727
1.003404669
1.002958285
1.003956748
1.003039659
1.003083648
1.002930966
1.003155301
1.003619444
1.003325121
1.003658317
1.003344176
1.003270866
1.003194447
1.003367247
1.003255015
1.003332873
1.003402691
1.0025407
1.003563548
1.002955838
1.003866463
1.003449398
1.003348315
1.003334721
1.003026689
1.003185299
1.003667669
1.003138076
1.003210407
1.00311418
1.002767595
1.002928513
1.003060157
1.003084988
1.003587374
1.00350258
1.003948575
1.002919399
1.003680383
1.003274738
1.002462223
1.002458993
1.003207983
1.003222758
1.002558116
1.003423409
1.003246103
1.003053545
1.002561486
1.003370353
1.002939998
1.00307844
1.003319657
1.003596946
1.003273868
1.003560333
1.003707602
1.003656195
1.002875983
1.003375843
1.003835594
1.003351989
1.003229276
1.003268906
1.003220777
1.00276766
1.003001134
1.003458532
1.003522735
1.0028711
1.00341802
1.003336105
1.002987641
1.003178239
1.003148371
1.003118185
1.00346497
1.003703346
1.003134482
1.003303901
1.00357463
1.003300502
1.003267646
1.003423221
1.00318164
1.003222226
1.003048541
1.003724643
1.003339925
1.003123675
1.003363625
1.003309545
1.003263212
1.003312112
1.003484119
1.003181445
1.00380441
1.003312179
1.002425178
1.003559193
1.003129431
1.002850828
1.002896311
1.00332163
1.003822155
1.003005659
1.003440739
1.002690208
1.003147078
1.002393724
1.002905264
1.003425113
1.003571799
1.003789364
1.003795023
1.003295622
1.003437328
1.003644136
1.003223742
1.003682159
1.002605791
1.003763121
1.00301867
1.003768833
1.00336214
1.003225813
1.003262597
1.003934789
1.003635881
1.003243889
1.003458375
1.00350998
1.003544097
1.003747496
1.003410419
1.003106181
1.003331172
1.003219541
1.003483751
1.0033227
1.003831091
1.003425206
1.003427042
1.003299117
1.003633896
1.003899133
1.003371786
1.003146503
1.003309909
1.003267793
1.003517968
1.003735582
1.003833547
1.003271542
1.004122457
1.002975629
1.003668205
1.003515994
1.002738352
1.003424382
1.003108314
1.003421156
1.003224376
1.003421062
1.003588121
1.003387317
1.003187756
1.002840552
1.003744416
1.003191246
1.003491028
1.003628621
1.003662694
1.00360081
1.003604811
1.003368481
1.00333717
1.003776218
1.003801548
1.004431067
1.004007874
1.003070251
1.004000582
1.002682577
1.003098813
1.003448857
1.003390841
1.003732808
1.003390745
1.003116804
1.003245312
1.003541399
1.003702737
1.00410016
1.003549458
1.003946594
1.003119503
1.004125169
1.00380846
1.003665229
1.003371668
1.004037689
1.004098597
1.003522311
1.003438208
1.003447896
1.003247817
1.003800342
1.003405172
1.003330152
1.003607628
1.004102926
1.004112738
1.003855653
1.003331764
1.003458668
1.00373998
1.003516997
1.003782466
1.003326329
1.003285606
1.003892263
1.003976014
1.003797433
1.003901213
1.003985976
1.003982577
1.003615166
1.003814422
1.003363294
1.003639464
1.003130894
1.003021824
1.0031467
1.003771091
1.004013563
1.003112878
1.003282649
1.003484168
1.003224425
1.003209249
1.003206384
1.003815945
1.003316815
1.003414185
1.003223526
1.003344783
1.00360278
1.00327406
1.003431795
1.003000438
1.003918813
1.00338135
1.003096403
1.003427579
1.003509794
1.002847623
1.003229255
1.003463164
1.002433159
1.003302321
1.003450942
1.003048092
1.003048685
1.003064273
1.003413928
1.003353713
1.003015018
1.00283605
1.003047182
1.002823732
1.00290899
1.003134825
1.003346039
1.002986313
1.003043645
1.003337366
1.002881106
1.00333918
1.003047292
1.003761345
1.002995182
1.003346799
1.003287099
1.002982296
1.003114499
1.003497387
1.003208822
1.00334453
1.003673099
1.003877027
1.003398752
1.002762341
1.003178658
1.002808136
1.003602305
1.002952225
1.002948532
1.00324064
1.003302139
1.003273486
1.002691271
1.003261015
1.003676732
1.003514776
1.003073879
1.002961033
1.002893948
1.003146788
1.003416495
1.002920628
1.003183604
1.003182572
1.003364357
1.003103663
1.003033842
1.003334818
1.002953997
1.002755275
1.0033781
1.003830079
1.003075733
1.002694715
1.003073432
1.002606025
1.003068142
1.002974728
1.002945111
1.003422449
1.003021005
1.003564991
1.003321803
1.003322773
1.003570222
1.003471273
1.002792008
1.002775605
1.003886065
1.002740477
1.002874552
1.003343522
1.003166773
1.003042948
1.003117098
1.002965469
1.002675586
1.003580377
1.003576948
1.003490188
1.003249316
1.003699621
1.003057154
1.003230666
1.002996962
1.003222982
1.003444589
1.002722438
1.003336017
1.003351705
1.003115355
1.003328089
1.003609721
1.003465652
1.003115898
1.002857428
1.003352671
1.003639848
1.003202838
1.003145768
1.003240966
1.003197325
1.003084644
1.003540594
1.00333852
1.003377415
1.003359363
1.003608193
1.003189188
1.003152049
1.003113171
1.002568826
1.002790185
1.003566775
1.003194698
1.003516021
1.003524001
1.003155345
1.003792847
1.002985858
1.003178651
1.003386323
1.003834141
1.003057601
1.003727652
1.003731922
1.003351277
1.003367248
1.002982549
1.003284864
1.003067921
1.003523334
1.003291837
1.003793547
1.003148419
1.00333485
1.003297303
1.00305218
1.004134022
1.002923847
1.003395159
1.002961721
1.003533771
1.003046854
1.003873077
1.002966219
1.003857006
1.003286163
1.003029675
1.003359859
1.003606257
1.003385237
1.00369975
1.002630346
1.003115763
1.003458203
1.003432896
1.003506777
1.002865895
1.003509124
1.003626049
1.003368575
1.003616199
1.003082068
1.003521938
1.003273684
1.003804123
1.003498215
1.003568631
1.002835512
1.003244911
1.003105669
1.002953966
1.003697943
1.003462182
1.003623164
1.003363559
1.003431315
1.003422328
1.00302639
1.003966447
1.003378587
1.002775058
1.003336675
1.003805078
1.003444562
1.004130924
1.003987748
1.003454219
1.003311281
1.003174397
1.003285517
1.003409911
1.003394763
1.003815363
1.003627344
1.00331663
1.004411026
1.003302433
1.003788409
1.003584162
1.003618322
1.003234477
1.003353883
1.004123186
1.003704052
1.003254979
1.003839133
1.003147061
1.003730085
1.003274537
1.003663204
1.003949487
1.003563895
1.003723818
1.003965691
1.003020895
1.003105281
1.00363768
1.003270732
1.003795262
1.003291708
1.003732404
1.003598057
1.003406377
1.003935725
1.003877004
1.003579726
1.003317452
1.003451443
1.003642415
1.003851826
1.003154097
1.003576382
1.003666139
1.004179701
1.004266451
1.003378781
1.003609983
1.003747646
1.003639182
1.004188318
1.003518506
1.00398731
1.003821324
1.003510387
1.0037003
1.004165492
1.003835066
1.004117837
1.003676788
1.003797793
1.00351945
1.003413204
1.0037507
1.003379982
1.003631037
1.003633497
1.003726755
1.00399889
1.003370603
1.003678216
1.003440389
1.003140952
1.003667871
1.003400197
1.003303379
1.003772286
1.003853276
1.003920539
1.003577469
1.003152266
1.003847853
1.003404945
1.003540971
1.003460219
1.003399846
1.003812851
1.003239395
1.004121515
1.00318827
1.003604695
1.003474231
1.003838226
1.003588928
1.003639639
1.003384735
1.0033776
1.003310731
1.00371053
1.003501775
1.003458264
1.003576748
1.003930774
1.003859961
1.003331974
1.004289092
1.003862944
1.003345554
1.003728471
1.003945021
1.003593719
1.003464975
1.00329704
1.0032958
1.003395893
1.003154066
1.00406897
1.003166485
1.003826495
1.003503978
1.003858214
1.003727628
1.00364558
1.003712456
1.003373651
1.003596538
1.003769128
1.003470703
1.003611085
1.003514346
1.003572182
1.003434315
1.00371082
1.003670496
1.0033014
1.00435533
1.003374713
1.003504575
1.003301935
1.00361971
1.00376954
1.003782643
1.003726673
1.003638022
1.003693142
1.003911979
1.003441106
1.003908854
1.003772308
1.003293556
1.004112671
1.003844152
1.003250019
1.003994543
1.003815883
1.003822312
1.003429896
1.003712862
1.003961437
1.003382315
1.003846162
1.004743953
1.003948134
1.003659015
1.003506528
1.003585839
1.004000203
1.003897561
1.003183764
1.003713115
1.00441328
1.00332902
1.003580009
1.003643644
1.004155122
1.003900332
1.003987866
1.003658659
1.004107496
1.003724607
1.003785079
1.004165208
1.003956293
1.003791681
1.004103322
1.00377359
1.004188593
1.003877179
1.004323643
1.003986046
1.003510496
1.003631784
1.003843374
1.004162259
1.004049147
1.003600382
1.003973477
1.004223148
1.003197441
1.003977523
1.00369914
1.004171354
1.003639484
1.003981834
1.004125655
1.003761893
1.003439949
1.003581933
1.003564963
1.003895761
1.003509159
1.003839145
1.004157043
1.003838629
1.003718816
1.003553512
1.003742579
1.003946373
1.003696985
1.003470069
1.003466848
1.004078917
1.003779737
1.003888319
1.004015696
1.003623808
1.004398451
1.00365145
1.003655393
1.003608348
1.003775195
1.003817833
1.004041101
1.003968888
1.004117322
1.004122149
1.003852717
1.003988259
1.004160505
1.004224925
1.004190203
1.00380373
1.003760127
1.003566875
1.003341139
1.003514174
1.00370588
1.003403235
1.00398518
1.00433468
1.00390956
1.003960205
1.003654911
1.003448346
1.003780266
1.003731468
1.004041115
1.003702201
1.004251862
1.003669775
1.004338436
1.003679547
1.003419095
1.004182946
1.00363897
1.004260106
1.003488729
1.004264045
1.003748045
1.003960746
1.003725638
1.004503109
1.003522919
1.003883977
1.003929982
1.00385237
1.004190638
1.003798516
1.003702701
1.004000644
1.003481166
1.003549798
1.003799918
1.003776618
1.004056039
1.003704711
1.00396327
1.00377966
1.003690744
1.003759871
1.003946278
1.003845706
1.00391653
1.004149928
1.003948608
1.003932491
1.003515815
1.003497154
1.004363606
1.004007487
1.00368495
1.003621098
1.003484275
1.003906878
1.004074627
1.003898317
1.003583519
1.003809575
1.003893748
1.004145721
1.003905257
1.003591085
1.003425659
1.004408125
1.004274101
1.003890835
1.003945629
1.004645485
1.003906442
1.004429683
1.003975341
1.003933749
1.004293637
1.004166749
1.004145025
1.003967368
1.003400281
1.003775307
1.004094757
1.003909559
1.003809757
1.004266378
1.004108699
1.004000643
1.004186955
1.004059041
1.00388575
1.004323648
1.004330703
1.003816149
1.003962283
1.003690675
1.003876067
1.004142792
1.00448363
1.003915725
1.004279162
1.003987577
1.003638851
1.004133009
1.003879733
1.003874699
1.004544949
1.003831698
1.004316294
1.003481108
1.004075509
1.003825444
1.003973342
1.003456749
1.003882982
1.004313648
1.004197378
1.004300764
1.004004225
1.004354007
1.003852756
1.003801613
1.004330258
1.003871118
1.003920589
1.004356963
1.004252037
1.004292376
1.004036861
1.004069474
1.00436075
1.004566495
1.003713694
1.004358927
1.003998123
1.004046773
1.00384981
1.00396619
1.004243837
1.003610378
1.004137591
1.003883672
1.003833891
1.004043244
1.004032862
1.004514805
1.003492912
1.004355221
1.004228388
1.004112872
1.003872011
1.00406267
1.004192948
1.00442762
1.004011472
1.003788894
1.003526464
1.003838854
1.003659985
1.003763035
1.004169095
1.004026155
1.00394835
1.003884817
1.00424152
1.003789777
1.003806424
1.003580425
1.004467123
1.004205692
1.004606955
1.004058998
1.004559202
1.00374474
1.004196073
1.004108366
1.004059635
1.004175772
1.00406025
1.003850859
1.004028379
1.004131988
1.003985425
1.003876526
1.00392401
1.004202002
1.004123353
1.003936103
1.003642288
1.004239284
1.004416214
1.004198679
1.004056006
1.003542196
1.003829469
1.004057944
1.004165946
1.004119122
1.003685883
1.004372595
1.004276433
1.004226839
1.004277771
1.004126838
1.003824082
1.004173185
1.004039454
1.003943193
1.004446507
1.004485023
1.003843714
1.0046169
1.003947566
1.004006654
1.004193496
1.004096832
1.004271879
1.004172027
1.003632042
1.00434623
1.004058733
1.004425754
1.004294334
1.004058461
1.004512814
1.004401631
1.003677396
1.003908594
1.00431877
1.004119244
1.004182619
1.004373393
1.004284326
1.004074103
1.004053061
1.004585945
1.004708831
1.004233409
1.004062064
1.004201274
1.004141524
1.004123331
1.004142572
1.004372966
1.004249002
1.004226661
1.00416281
1.004173875
1.003969569
1.004177043
1.004170831
1.004039238
1.004066446
1.004025307
1.004294245
1.00410587
1.004036518
1.003958759
1.004421354
1.00426586
1.004610643
1.004572098
1.004584061
1.004205842
1.00426422
1.004372706
1.003744799
1.004087269
1.00406097
1.004488914
1.003926188
1.004530908
1.004248394
1.003867243
1.003907548
1.004127038
1.004305516
1.00428128
1.00430844
1.004367727
1.004133923
1.004356425
1.003852952
1.003977006
1.004160116
1.004577869
1.004376585
1.003856911
1.003935277
1.004285006
1.004032355
1.004650995
1.004299808
1.004412099
1.003977241
1.00454407
1.004300091
1.004108151
1.004075978
1.004226098
1.004582789
1.004137639
1.003909404
1.004209915
1.004604437
1.004461224
1.004112894
1.003980003
1.004029985
1.004264276
1.004265211
1.004302061
1.004164545
1.003996696
1.004205005
1.004085572
1.004250281
1.004228728
1.004036501
1.004770541
1.003956816
1.003949496
1.004113647
1.00413793
1.004893742
1.004508429
1.004398022
1.004481428
1.004126877
1.004775933
1.004420415
1.004191457
1.004113994
1.004227301
1.003973885
1.004081686
1.004297826
1.00417741
1.004278444
1.004273086
1.004453608
1.004346938
1.004003409
1.004050375
1.004145544
1.004556045
1.004595942
1.004207071
1.004726979
1.004389714
1.003926716
1.004117057
1.004563022
1.004292367
1.004371918
1.004031819
1.004967711
1.004263878
1.004526362
1.00416496
1.004322212
1.004461573
1.004251191
1.003970588
1.00449596
1.004550067
1.004016847
1.004632429
1.004498253
1.004524855
1.004275704
1.004329246
1.003843539
1.004097587
1.004708896
1.004712246
1.004645442
1.004436789
1.004361555
1.004139574
1.00428454
1.004648898
1.00435634
1.004499121
1.004162607
1.004235299
1.004312032
1.00409998
1.004820027
1.004057323
1.004332747
1.00452338
1.004725408
1.004458906
1.004288721
1.004513015
1.004503615
1.004295374
1.004924549
1.004007017
1.004417295
1.005125259
1.00463774
1.004566517
1.004763322
1.004552937
1.004823809
1.004609042
1.004573699
1.004362713
1.004765817
1.004683541
1.004535182