0.000917254
0.000949554
0.000961019
0.000977725
0.000999566
0.00101831
0.001043447
0.001069232
0.001077874
0.001111591
0.001122391
0.001147119
0.001164486
0.001190627
0.001199367
0.001225694
0.001251725
0.001272392
0.001291106
0.001319249
0.001336566
0.001350605
0.001382709
0.00139817
0.001420437
0.001439482
0.001464423
0.001483038
0.001512923
0.001530949
0.001546321
0.001564846
0.001595757
0.00160996
0.001636467
0.001657891
0.001690775
0.001728102
0.00172921
0.001748876
0.001766537
0.001803995
0.001800476
0.001838927
0.00185037
0.001879366
0.001905828
0.001917723
0.001936933
0.001960791
0.001992648
0.001997257
0.002021248
0.002039202
0.002059127
0.002078521
0.002110205
0.002135274
0.00214689
0.002165571
0.002185664
0.002217568
0.002225848
0.002256445
0.002283733
0.002299742
0.002339438
0.002358621
0.002383588
0.002380337
0.002413238
0.002443598
0.002461393
0.002477498
0.002506331
0.002525269
0.00253764
0.002568188
0.002584511
0.002610378
0.002619492
0.002645923
0.002681216
0.002694521
0.002717936
0.00273587
0.002756529
0.002783991
0.002791944
0.002824192
0.002828464
0.002860898
0.002882809
0.002901118
0.002912913
0.002951082
0.002977054
0.00297672
0.003005916
0.003015897
0.003063499
0.003087323
0.003101853
0.003116192
0.00314533
0.003178474
0.003179552
0.003207887
0.00322615
0.003257176
0.003249057
0.003296226
0.003303084
0.003341563
0.00335622
0.00338006
0.003406615
0.003416981
0.003428908
0.003472272
0.003487876
0.003500963
0.003520619
0.003533077
0.003571884
0.003588432
0.00361425
0.003639137
0.003657689
0.003680567
0.003691903
0.003717499
0.003747916
0.00378659
0.003778865
0.003813112
0.003824677
0.003853176
0.00386304
0.003907199
0.003895907
0.003935775
0.003948411
0.003985563
0.004008403
0.004032499
0.004034888
0.004065683
0.004088386
0.004108061
0.004131415
0.004157843
0.004159567
0.004184481
0.004211017
0.004246332
0.004254348
0.004269712
0.004309722
0.004313132
0.004348594
0.004369851
0.004373539
0.004406326
0.00442293
0.00445323
0.004478426
0.004508755
0.004504467
0.00452715
0.004559405
0.004570442
0.004602364
0.004624813
0.004653774
0.004658097
0.004678168
0.00470744
0.004744969
0.004748315
0.004772238
0.00479594
0.00480324
0.004828446
0.004846086
0.00489837
0.004918781
0.004926033
0.004955678
0.004949382
0.004994942
0.005004917
0.005029576
0.005042243
0.00506994
0.005116388
0.005108812
0.005146011
0.005169511
0.00518506
0.005195748
0.005217251
0.005246736
0.005265122
0.005292954
0.005298242
0.005345823
0.005367798
0.005390125
0.005386745
0.005399422
0.005456165
0.005472827
0.005462717
0.005503387
0.005538214
0.005559434
0.005560867
0.005606519
0.005588688
0.005630797
0.005659199
0.00569232
0.005697885
0.005721155
0.005736021
0.005758887
0.005795594
0.005812891
0.005821432
0.005846851
0.00588805
0.005891994
0.005911
0.005928766
0.005964617
0.005984964
0.006009824
0.006014133
0.006041642
0.006074551
0.006082889
0.006097298
0.006121304
0.006158004
0.006163218
0.006194713
0.006211047
0.006246703
0.006269482
0.006282153
0.006310591
0.006306792
0.006354097
0.006361545
0.006396697
0.006413512
0.006438294
0.006444376
0.006483532
0.006489283
0.006523907
0.006530785
0.006571283
0.006591245
0.006604452
0.006633741
0.006650195
0.006664284
0.006700473
0.006723164
0.006737841
0.006778826
0.006767912
0.0068069
0.006836068
0.006840386
0.006850859
0.006879781
0.006917311
0.0069334
0.006938217
0.006968868
0.006990811
0.007003034
0.00704901
0.007061325
0.00707392
0.007085639
0.007129082
0.007122
0.007159011
0.007156718
0.007207969
0.007211124
0.007250219
0.007265053
0.007271614
0.007304666
0.007331047
0.007352954
0.007372115
0.007393315
0.007428269
0.007438073
0.007438789
0.007491306
0.007513376
0.007512904
0.007538129
0.007556658
0.007599162
0.007601224
0.007650415
0.007672334
0.007672233
0.007691147
0.007723865
0.007744365
0.007761427
0.007788944
0.007802155
0.007832214
0.007849301
0.007873371
0.00788441
0.007937756
0.007933806
0.007952708
0.007988886
0.008010174
0.008009912
0.008045662
0.008064892
0.008108855
0.008106997
0.008132518
0.008137663
0.008155767
0.008186193
0.008211254
0.008241823
0.008254304
0.008274098
0.008294248
0.008318306
0.008350449
0.008368316
0.008385673
0.00840883
0.008444011
0.008454645
0.008459079
0.008496412
0.008499336
0.008531181
0.008559234
0.008577766
0.008615389
0.00862486
0.008644726
0.008666001
0.008691175
0.00870207
0.008728544
0.008744258
0.008774655
0.008801743
0.008813384
0.008844126
0.00886713
0.008904663
0.008904737
0.008930901
0.008945089
0.008965945
0.008980823
0.009012243
0.009011708
0.009055165
0.009071528
0.009075823
0.009115368
0.009134862
0.009163527
0.009165087
0.009206002
0.009219874
0.009255555
0.009267054
0.009304949
0.009323428
0.009345841
0.009383237
0.009393324
0.009405464
0.009427932
0.009447517
0.009477578
0.009498486
0.009508099
0.00954908
0.009554508
0.009575321
0.009583086
0.009614454
0.009631289
0.009652558
0.009681064
0.009720066
0.009721232
0.009722275
0.009762827
0.009788584
0.009798309
0.009837646
0.00987456
0.009869078
0.009902798
0.009917184
0.009933985
0.009944617
0.009996064
0.009995845
0.010014919
0.010040678
0.010069439
0.010084542
0.010113298
0.01012921
0.010151664
0.010175738
0.010202811
0.010220307
0.010228197
0.010245193
0.010286712
0.010286781
0.01031794
0.01033684
0.010375544
0.010419308
0.010432663
0.010420974
0.010452552
0.010479659
0.010493396
0.010507724
0.010552483
0.010557975
0.010575535
0.010598775
0.010612765
0.01065026
0.010672678
0.010682871
0.010694231
0.010728172
0.010768083
0.010779932
0.010810433
0.010823129
0.010843975
0.010857526
0.010887831
0.010901931
0.010922965
0.010946461
0.010971994
0.010992609
0.011010677
0.011061599
0.01106715
0.011078213
0.01110696
0.011121842
0.01115594
0.011176516
0.011194453
0.011196851
0.011226674
0.011257387
0.011274922
0.011300958
0.011325668
0.0113338
0.011366058
0.011381464
0.011402257
0.011448775
0.011455211
0.011466263
0.01149466
0.011520644
0.011530601
0.011545127
0.01155908
0.011604856
0.01161438
0.011643775
0.011677946
0.011680297
0.011715241
0.011725851
0.011746981
0.011753891
0.011783501
0.011817327
0.011840804
0.011840965
0.011875392
0.011906835
0.011923873
0.01194408
0.01196498
0.012000034
0.012006045
0.012044226
0.012039016
0.012067808
0.012088973
0.01211303
0.012130913
0.012157659
0.01217869
0.012200882
0.012232079
0.012258585
0.0122643
0.012305703
0.012321472
0.012334894
0.012358039
0.012359685
0.012393974
0.012426878
0.012444394
0.012463463
0.012475136
0.012504484
0.012526899
0.012537273
0.012574877
0.01259318
0.012610763
0.012638136
0.012647609
0.012689474
0.012716548
0.012719986
0.012737484
0.012755549
0.012795673
0.012821543
0.012832699
0.012844448
0.012870022
0.012884711
0.012912352
0.012944038
0.012962522
0.012984155
0.01301295
0.013020319
0.013051879
0.013064884
0.01309718
0.013103047
0.013138906
0.013150109
0.013179035
0.013187263
0.013215326
0.013232852
0.01326478
0.013273828
0.013293854
0.013345579
0.013358001
0.013380432
0.013404897
0.013419642
0.013447357
0.013474618
0.013474708
0.013500903
0.013523062
0.013539802
0.013581619
0.013587042
0.01361039
0.013624016
0.013673241
0.013674398
0.013699335
0.013708346
0.013764191
0.013768917
0.013780218
0.013812491
0.013819054
0.013851999
0.013865813
0.013874457
0.013897679
0.013935602
0.013938908
0.013979313
0.014001886
0.014018424
0.014062586
0.01405854
0.014098255
0.014100782
0.014133465
0.014164818
0.014170596
0.014189245
0.014228416
0.01422224
0.01427408
0.014279383
0.014306989
0.014337165
0.014353468
0.014370014
0.014390364
0.014407458
0.014420981
0.014439253
0.014462471
0.014509046
0.01453472
0.014545094
0.014564786
0.014595159
0.014586344
0.014617162
0.014635297
0.014650035
0.014692102
0.01470182
0.014736835
0.014736407
0.01477783
0.014784504
0.014833143
0.014846062
0.014859202
0.014879739
0.014906383
0.014921588
0.014941881
0.014971618
0.014993366
0.015004044
0.015028655
0.015044575
0.015091469
0.015103941
0.015108126
0.015137231
0.015135539
0.015183383
0.015191564
0.015231906
0.015235749
0.015278639
0.01527812
0.015300864
0.015320013
0.015369909
0.015375923
0.015392554
0.015422608
0.015444189
0.015470147
0.015476424
0.015496066
0.01552772
0.015532205
0.015577946
0.015579502
0.015619102
0.015625489
0.015661608
0.015673198
0.015703673
0.01571001
0.015722389
0.015753037
0.015788546
0.015804276
0.015829253
0.015847758
0.015870813
0.015874987
0.015911239
0.015943954
0.015950237
0.015976317
0.015998077
0.016019144
0.016045423
0.016072846
0.01609568
0.016095844
0.016118864
0.016151178
0.016154019
0.016186899
0.016216828
0.016246863
0.016257774
0.016284149
0.016302966
0.016307308
0.016345255
0.016358744
0.01636117
0.016399642
0.016437007
0.016449959
0.016471163
0.016484833
0.01653632
0.016538639
0.01655919
0.01658734
0.016601487
0.016637811
0.016646198
0.016662547
0.016686948
0.016703604
0.016727666
0.016761434
0.016784691
0.016809153
0.016827118
0.016852466
0.016858689
0.016879242
0.016912195
0.016927469
0.016946897
0.016972582
0.016981501
0.017023861
0.017027341
0.017060595
0.017090531
0.017092046
0.017110097
0.017138665
0.017180743
0.01718271
0.017202073
0.017220939
0.017258244
0.017291962
0.017291254
0.017306929
0.01732615
0.017363673
0.017366513
0.01741618
0.017432037
0.017459594
0.017473797
0.017484427
0.017509351
0.017544355
0.017540239
0.01758556
0.017613065
0.017631266
0.017660034
0.017650578
0.017701939
0.017693524
0.017735834
0.017745334
0.017764481
0.017800748
0.017809584
0.017832445
0.017853892
0.017874935
0.017899521
0.017912078
0.017939216
0.017982421
0.017969396
0.017990425
0.018038215
0.01803159
0.01806652
0.018091916
0.018105443
0.018134287
0.01816563
0.01819279
0.018179935
0.018222337
0.018235571
0.018259449
0.018275427
0.018318128
0.018312901
0.018351397
0.018372988
0.018405267
0.018413568
0.018438235
0.018450041
0.018467704
0.018485439
0.018503631
0.018533523
0.018557317
0.018576995
0.018594542
0.01863466
0.018658921
0.018670941
0.018678206
0.018713442
0.018742569
0.018760924
0.018771417
0.018790732
0.018816094
0.018844358
0.01887188
0.018876174
0.018907828
0.018941151
0.018940858
0.018969802
0.019004821
0.019015859
0.019040381
0.01905821
0.019086097
0.019102512
0.019119929
0.019139934
0.019160593
0.019180522
0.019221577
0.019232882
0.019253976
0.019275468
0.019297907
0.019314651
0.019350225
0.019352448
0.019362637
0.019391886
0.01942195
0.01944485
0.019473861
0.019476779
0.019524282
0.019528424
0.019540108
0.01956963
0.019604337
0.01962321
0.019619828
0.019657642
0.019680834
0.019679784
0.019741277
0.019737284
0.019760285
0.019764841
0.019789883
0.019806472
0.019842164
0.019873268
0.019914013
0.019911426
0.019922356
0.019946342
0.019957347
0.020012609
0.02002235
0.02004759
0.020057879
0.020088482
0.020085382
0.020129877
0.02015814
0.020163278
0.020215872
0.020243518
0.020242931
0.02025422
0.020284423
0.020307477
0.020315439
0.02034799
0.020370569
0.020391865
0.020411523
0.020431485
0.02046314
0.020470882
0.020497077
0.020525933
0.020524734
0.020553923
0.020582958
0.020600046
0.020612639
0.02065562
0.020670476
0.020699709
0.020700255
0.02073718
0.020758246
0.020774065
0.020809752
0.020825362
0.020838836
0.020864368
0.020877733
0.020899753
0.02091701
0.020970959
0.020964735
0.020999903
0.021028716
0.021031972
0.021080714
0.021081009
0.021093142
0.021109833
0.021142882
0.021153477
0.021193332
0.021198579
0.021228192
0.021248525
0.021289296
0.021300049
0.021312457
0.021343732
0.021364438
0.021370751
0.021400736
0.021421485
0.021442381
0.021466496
0.021483699
0.021507333
0.021505319
0.021554295
0.021594122
0.021627277
0.021623099
0.021637541
0.021659763
0.021705023
0.02171369
0.021730746
0.021758821
0.021780711
0.02180327
0.021813512
0.021837647
0.021836394
0.021876128
0.021922802
0.021930189
0.021951514
0.021970092
0.021973558
0.022025531
0.022016866
0.022037719
0.022068746
0.022076508
0.022099978
0.022136349
0.022160205
0.022165209
0.022194926
0.022214258
0.022241307
0.02226798
0.022295627
0.02229447
0.02232689
0.022342189
0.02237377
0.022392557
0.022414747
0.022430976
0.022459313
0.022482852
0.022503365
0.022532611
0.022533196
0.022563775
0.022579003
0.02260984
0.022616827
0.022646934
0.022674232
0.022685976
0.022712294
0.022732645
0.022754767
0.02278573
0.022800297
0.022823702
0.022840481
0.022856059
0.022887415
0.022907175
0.022910639
0.022955772
0.022987947
0.022989286
0.023026863
0.023036596
0.023041892
0.023063875
0.023100692
0.023118041
0.023144751
0.023162805
0.023183661
0.023192761
0.023219061
0.023252447
0.023270007
0.02328646
0.023309821
0.023328258
0.023367269
0.02339466
0.023420189
0.023434201
0.023444863
0.023472425
0.023481475
0.02350207
0.023547491
0.023565414
0.023579731
0.023584216
0.02361096
0.023651739
0.023659633
0.023682806
0.02370166
0.023736893
0.023748516
0.023772479
0.023802419
0.023807563
0.023835858
0.023862677
0.023876033
0.023915503
0.023919498
0.023935969
0.023965649
0.02397813
0.024009983
0.024031419
0.024058266
0.024070421
0.024102414
0.024111304
0.024139692
0.024154457
0.02417238
0.024211739
0.024214199
0.024243571
0.024281887
0.024280085
0.024301623
0.024326312
0.024345542
0.024361176
0.02439417
0.024403785
0.024433239
0.02446877
0.024478672
0.02449532
0.024527453
0.024556905
0.024565564
0.024597513
0.024613514
0.024635903
0.024661166
0.024689498
0.024700417
0.024730448
0.024733746
0.024771461
0.024792265
0.024803081
0.024835067
0.024872532
0.024887384
0.024889641
0.024927351
0.024950952
0.024970419
0.024987512
0.024990175
0.025031272
0.025043021
0.025057867
0.025085957
0.025115501
0.025135616
0.02515989
0.025168298
0.025193626
0.025222991
0.025250649
0.025265662
0.025288031
0.02530331
0.025346005
0.025344118
0.025393578
0.025411819
0.025425231
0.025430754
0.025471196
0.025487194
0.025504528
0.025535731
0.025540735
0.025579602
0.025586105
0.025613223
0.025613323
0.025651268
0.025670429
0.025684434
0.025704764
0.025743506
0.025768727
0.02580076
0.025818442
0.025823127
0.025833735
0.025868967
0.025906962
0.025916352
0.025948219
0.025959311
0.025984939
0.026014914
0.02601977
0.026047383
0.026061051
0.026086876
0.026098371
0.026136927
0.026142726
0.026188857
0.02619357
0.026214338
0.02623431
0.026265717
0.026290275
0.026316402
0.026321826
0.026348916
0.026353177
0.026394709
0.026413145
0.02643602
0.026451669
0.026461572
0.026492691
0.026513722
0.02654576
0.0265754
0.026580768
0.026599953
0.026613992
0.026644854
0.02668512
0.026697849
0.026708297
0.026736423
0.026751713
0.026779135
0.026798247
0.026806019
0.026831037
0.026859013
0.026886071
0.026899215
0.026924292
0.026947358
0.026971553
0.02700081
0.027000203
0.027036529
0.027057387
0.027076744
0.027100254
0.027133553
0.027148489
0.027169235
0.02718125
0.027212931
0.027234792
0.027254976
0.02727501
0.027302866
0.027323317
0.027325258
0.027359251
0.027365766
0.02739165
0.027435961
0.027455253
0.027459643
0.027479314
0.027519168
0.027529306
0.027542144
0.027579637
0.02759443
0.027620205
0.02764765
0.027656654
0.027689617
0.027702831
0.027735118
0.027740419
0.027765598
0.027803752
0.02781806
0.027839911
0.027854086
0.027882614
0.027897632
0.027926764
0.027943601
0.027975544
0.027981202
0.028011832
0.028030472
0.028058953
0.028067998
0.028094212
0.028133359
0.028131533
0.028147344
0.028160251
0.028199052
0.028215792
0.028241376
0.0282591
0.028282887
0.028322216
0.028327295
0.028352648
0.028392112
0.028395793
0.028423016
0.028442291
0.028465091
0.028486075
0.028515628
0.028533544
0.028563987
0.028576536
0.028609725
0.028624841
0.028634526
0.028677162
0.028685417
0.02870645
0.028737592
0.028739858
0.028752837
0.028790947
0.028813529
0.028830995
0.028867572
0.028880588
0.028902517
0.028926885
0.028929543
0.028956975
0.028987194
0.02901609
0.029019217
0.029042147
0.029059424
0.029085878
0.029110028
0.029132432
0.029125841
0.029166417
0.029203918
0.02922713
0.029246582
0.029260254
0.029280562
0.029314368
0.02932294
0.029348005
0.029380889
0.029399096
0.029406353
0.029437702
0.029454346
0.0294904
0.029485787
0.029516272
0.029542272
0.029573254
0.029585692
0.02961338
0.029625466
0.029645874
0.029679095
0.029687213
0.029714958
0.029725639
0.029763857
0.029782167
0.029793101
0.029805228
0.029849752
0.029863972
0.029895936
0.029925801
0.02994045
0.029963554
0.02997914
0.029997937
0.030022683
0.030040973
0.030072574
0.030082553
0.030113519
0.030145583
0.030140983
0.030170861
0.030196399
0.030219094
0.030230281
0.030254945
0.030288749
0.03031446
0.030322565
0.0303603
0.030380722
0.030391953
0.030416313
0.030433284
0.030463242
0.030469664
0.030493575
0.03053093
0.030535173
0.030575448
0.030579714
0.030613996
0.030640828
0.030658732
0.030680799
0.030676672
0.030710659
0.030740443
0.030756301
0.030785193
0.030806156
0.030817451
0.030847997
0.030861413
0.030888758
0.030914672
0.030935096
0.030946378
0.030960112
0.030990095
0.03101354
0.031041011
0.031046479
0.031070074
0.03111049
0.031105702
0.031152164
0.031151316
0.031168082
0.031206249
0.031234361
0.031256805
0.03125855
0.031296874
0.031323217
0.031347103
0.031363376
0.031391033
0.031395842
0.031430374
0.031439165
0.031468016
0.031483514
0.031503491
0.031544149
0.031569693
0.031580207
0.031598605
0.031614475
0.031648816
0.031672594
0.031695108
0.031710583
0.031732935
0.031752889
0.031772467
0.031784794
0.031819229
0.031824953
0.031840292
0.031869906
0.031896459
0.03190774
0.031927949
0.031966591
0.031986596
0.03198824
0.032022977
0.032035938
0.032065061
0.032090115
0.032093079
0.032114042
0.032145903
0.03216257
0.032190172
0.032215216
0.032247712
0.032262949
0.03229591
0.032305889
0.032320659
0.032329773
0.032368888
0.032391701
0.032411611
0.032434148
0.032451181
0.032487243
0.032506308
0.032517013
0.032542472
0.032576181
0.032584403
0.032617149
0.032641238
0.032666207
0.03269226
0.032703849
0.032734395
0.032733314
0.032772876
0.032796546
0.032810416
0.032829966
0.032839231
0.032875859
0.03289985
0.032908119
0.032935293
0.03296868
0.032968147
0.032995359
0.033015267
0.033033543
0.033057906
0.033080919
0.033110173
0.033128659
0.033149794
0.033179822
0.033183884
0.033224531
0.033238817
0.033264686
0.033276712
0.033305804
0.033324404
0.033340427
0.033359644
0.033385686
0.033414749
0.033434783
0.03344673
0.033474307
0.033503424
0.033519272
0.033543913
0.033563737
0.033594301
0.033619078
0.033623191
0.033657244
0.033667013
0.033692889
0.033715197
0.033733257
0.033762746
0.03377625
0.033820007
0.033826623
0.033846562
0.033862632
0.03388584
0.033912856
0.033927786
0.033936255
0.03398255
0.033985745
0.034004764
0.034037014
0.034049346
0.03406794
0.034094817
0.034137488
0.034150825
0.03415761
0.034205887
0.034206003
0.034240178
0.034246844
0.034276039
0.034302259
0.034319131
0.034336948
0.034378823
0.034381483
0.03441334
0.0344184
0.034444566
0.034468365
0.03450172
0.034501632
0.034535308
0.034577869
0.034577655
0.034613561
0.034624486
0.034649457
0.034664156
0.034683277
0.034716188
0.034738169
0.034757115
0.034773592
0.034806502
0.034832437
0.034860052
0.034860022
0.034891375
0.034913102
0.03492637
0.03494266
0.03497142
0.035005127
0.035019486
0.035028992
0.035078285
0.035070756
0.035086136
0.035116566
0.035148185
0.035165011
0.035185658
0.035201225
0.03523375
0.035260558
0.035254925
0.035286248
0.035309579
0.035347456
0.03537718
0.035367007
0.03539298
0.035423349
0.035440716
0.035465299
0.035511885
0.035498399
0.035523046
0.035551896
0.035585695
0.035592061
0.035641528
0.035636007
0.035672638
0.035677931
0.035704622
0.035723773
0.035765059
0.035785237
0.03580687
0.035815543
0.035831508
0.035866644
0.035888461
0.035905102
0.035918394
0.035967025
0.035964031
0.035978115
0.035996759
0.036040114
0.036046945
0.036065164
0.036091574
0.036141171
0.036142011
0.036173728
0.036190674
0.036203726
0.036232589
0.03625146
0.036276826
0.036295877
0.036296451
0.036329905
0.036352735
0.036369205
0.036405742
0.036420589
0.036450464
0.036463871
0.036493484
0.036508731
0.03654139
0.036564193
0.036587881
0.036589764
0.036624465
0.036640135
0.036634415
0.03670312
0.036698445
0.0367146
0.036745003
0.036773606
0.036803662
0.036818928
0.036835942
0.036840987
0.036887586
0.036906846
0.036917968
0.036945039
0.036973062
0.03698598
0.037004994
0.037018652
0.037059934
0.037075002
0.037093159
0.037119985
0.037130055
0.037150278
0.037195243
0.037199082
0.037224786
0.037247766
0.037261017
0.037293017
0.037306203
0.037325582
0.03735673
0.037391111
0.037386345
0.037426497
0.037455247
0.037456238
0.037480515
0.037509027
0.037533666
0.037565319
0.037564754
0.037593981
0.037621597
0.037640645
0.037680138
0.037695131
0.037706736
0.037733046
0.037759574
0.037762894
0.037782385
0.037816385
0.037846103
0.037863592
0.037869416
0.037885476
0.037903705
0.037923491
0.037950093
0.037964455
0.038001315
0.038015006
0.038032823
0.038060696
0.038078179
0.038100442
0.038132372
0.038149962
0.038194247
0.038192781
0.038240943
0.038240799
0.038263432
0.038288909
0.038313596
0.038325558
0.038347856
0.038383974
0.038391617
0.038406922
0.038449578
0.038449827
0.038485805
0.038492254
0.038516012
0.038556762
0.038565115
0.038605462
0.038620619
0.038625429
0.038673095
0.038685275
0.038695632
0.038721607
0.038741923
0.038761961
0.038779113
0.038806481
0.038825264
0.038849154
0.038880499
0.038896715
0.03891013
0.038936803
0.038953545
0.038979894
0.039000213
0.039001551
0.039031312
0.039060224
0.039094016
0.039097022
0.039147252
0.03916095
0.039174274
0.039206268
0.039210326
0.039236652
0.039267194
0.039278625
0.039295613
0.039328832
0.039340945
0.039366186
0.039384607
0.039405403
0.03944857
0.039455055
0.039475185
0.039505771
0.039519081
0.039531441
0.03957212
0.039593282
0.039594118
0.039627024
0.039662071
0.03967956
0.039702679
0.039708615
0.03973451
0.039759701
0.039796258
0.039801927
0.039811243
0.039842826
0.039867353
0.039890247
0.039913278
0.039923713
0.039946142
0.039975035
0.039993303
0.040016813
0.040025394
0.040051362
0.040081365
0.040107372
0.040129181
0.04015886
0.040160739
0.040177692
0.040210074
0.040238332
0.040256042
0.040277811
0.040295675
0.040307325
0.040330714
0.040363807
0.040385027
0.040408456
0.040439526
0.040450131
0.040480676
0.040501506
0.040508621
0.04054318
0.040566932
0.040590261
0.040587497
0.040618793
0.040638943
0.040664167
0.040680649
0.040710346
0.040737814
0.04074852
0.040763149
0.040794428
0.040806101
0.040847588
0.040848189
0.040870133
0.040897539
0.040928156
0.040943639
0.040970749
0.040992677
0.041003423
0.041037271
0.041059383
0.041066195
0.041081023
0.041123333
0.041132946
0.041170185
0.04117084
0.041201717
0.041242501
0.041249974
0.041269379
0.041283626
0.041313229
0.041336368
0.041360552
0.04138404
0.041411806
0.041417498
0.041457328
0.041477124
0.041501108
0.041510564
0.041537184
0.041554137
0.041571594
0.041607088
0.041620679
0.041631757
0.041655046
0.041688299
0.041681817
0.041723303
0.041736035
0.04176888
0.041785554
0.041813341
0.041832226
0.041857699
0.041883938
0.041889432
0.041933176
0.041933295
0.04194442
0.041982007
0.041992749
0.042019012
0.042040044
0.042057016
0.042064204
0.042115779
0.042123741
0.042159512
0.042164912
0.042187748
0.042221115
0.042217162
0.042260354
0.042288396
0.042310743
0.04232542
0.042341768
0.042364564
0.042388357
0.042422236
0.042432906
0.04244947
0.042476136
0.042500653
0.042506462
0.042533909
0.042572621
0.042573673
0.042603835
0.042644856
0.042655813
0.042672516
0.042690144
0.042718838
0.042742984
0.042757762
0.042773451
0.042800872
0.042815758
0.042855497
0.042865594
0.042901409
0.042894234
0.042916682
0.042950606
0.042965782
0.042977533
0.043035459
0.043051097
0.043058128
0.043076025
0.043098418
0.043123328
0.043137423
0.043167339
0.043179358
0.043198271
0.043228583
0.043250068
0.04326795
0.04329193
0.043314287
0.043322116
0.043362329
0.043375788
0.043408073
0.043416499
0.043451901
0.043473585
0.043472902
0.043507609
0.043528508
0.043548444
0.043578201
0.043594524
0.043610486
0.043641901
0.043662856
0.043660364
0.043719561
0.043735501
0.043760599
0.043783235
0.043793369
0.043814257
0.043836941
0.043865054
0.043878395
0.043897884
0.043928886
0.043940131
0.043970042
0.043987761
0.043997392
0.044022177
0.044051938
0.044064522
0.044090237
0.044117088
0.044142441
0.044150143
0.044181673
0.044206647
0.044228102
0.044235395
0.044248637
0.04428147
0.044317857
0.044340513
0.044357824
0.044376926
0.044410591
0.04442048
0.044439748
0.044474046
0.044504189
0.044504827
0.044527679
0.044558109
0.04457656
0.044597878
0.044623506
0.044651452
0.044663263
0.044679837
0.044708016
0.044713466
0.044754441
0.044770725
0.044784989
0.044822807
0.044831113
0.044845874
0.044880191
0.044897143
0.044914009
0.044944687
0.044978013
0.044980119
0.045003614
0.045016941
0.045055975
0.045066695
0.045104684
0.045115134
0.045146568
0.045155854
0.045186256
0.045206708
0.045224394
0.045238683
0.045260857
0.045289169
0.045321539
0.045326056
0.045368264
0.045384863
0.045384933
0.045420308
0.045434795
0.045469251
0.045488434
0.0454952
0.045529538
0.045552248
0.045559727
0.045591164
0.045614869
0.045651613
0.045647557
0.045690013
0.045708236
0.045732898
0.045749586
0.045771542
0.045795801
0.045810812
0.045827472
0.045846717
0.045873711
0.045902099
0.045919918
0.04594121
0.045959893
0.045975453
0.045986937
0.046013428
0.046063924
0.046062055
0.046101092
0.046109894
0.04612282
0.046154485
0.046184891
0.04619889
0.046226249
0.046235507
0.04627838
0.046275235
0.046315072
0.046338304
0.046351814
0.046379791
0.046381428
0.046407829
0.046437899
0.046450146
0.046478931
0.046507041
0.046520493
0.046546405
0.046575446
0.046589651
0.046601124
0.04662865
0.046659297
0.04668114
0.046689256
0.046709305
0.046755137
0.046758294
0.046789296
0.046791143
0.046820019
0.046830835
0.046869911
0.046893602
0.046911967
0.046916124
0.046939909
0.046976616
0.046984353
0.047010236
0.047043181
0.047073104
0.047073602
0.047102002
0.047112821
0.047146096
0.047181174
0.047190947
0.047212614
0.047224658
0.047255986
0.047285636
0.047285516
0.047320801
0.047349205
0.047363536
0.047380465
0.047398474
0.047426175
0.047466284
0.047466638
0.047490538
0.047500905
0.047528036
0.047553926
0.047584562
0.047610463
0.047619274
0.047652007
0.047684261
0.047687201
0.047704415
0.047728466
0.047746457
0.047765516
0.047793408
0.047811029
0.047829875
0.047862929
0.047887903
0.047903706
0.04792756
0.047926098
0.047968391
0.047976601
0.048015808
0.048019795
0.048059431
0.048075419
0.048107048
0.048107249
0.048131631
0.048168847
0.048185794
0.048202073
0.048216929
0.048240048
0.048261877
0.048274264
0.048323285
0.048321083
0.048354544
0.048383121
0.048404726
0.048407568
0.048437157
0.048450914
0.048473726
0.048511003
0.048527345
0.048557653
0.048581126
0.048583656
0.048606362
0.048627356
0.04865544
0.04866325
0.048708942
0.04872572
0.048743993
0.048748506
0.04879479
0.048805682
0.048820203
0.04883783
0.048863776
0.048883003
0.048915404
0.048924472
0.048954786
0.048987408
0.048999896
0.049029951
0.049038145
0.04906861
0.049085447
0.049110551
0.049105071
0.049150552
0.049153682
0.049186983
0.049218567
0.049238775
0.049261683
0.049270334
0.049282804
0.049332048
0.049349364
0.049359371
0.049384457
0.049410199
0.049441324
0.04943602
0.049470059
0.049492601
0.049526139
0.049536925
0.049565133
0.049585804
0.049613303
0.049620482
0.049640204
0.049664136
0.049697637
0.049702937
0.04973563
0.04975931
0.04978293
0.049803202
0.049827751
0.049845573
0.0498543
0.049877326
0.049906149
0.049933508
0.049941145
0.049969434
0.049995911
0.050018036
0.050031473
0.050038504
0.050064539
0.05008709
0.050126562
0.050151191
0.050167428
0.050175911
0.050201348
0.050228919
0.05024415
0.050276141
0.050298496
0.050306739
0.050332492
0.050371743
0.05036726
0.050398398
0.050425419
0.050434431
0.050480251
0.050485078
0.050535848
0.050525852
0.050566588
0.050565879
0.050592906
0.050635284
0.050652395
0.050654873
0.050691285
0.050711459
0.050737886
0.050746578
0.050757345
0.050777518
0.050814839
0.050825668
0.050851823
0.050878319
0.050896569
0.050914196
0.050942171
0.050943167
0.050989763
0.051014219
0.051040366
0.05104776
0.051060245
0.051083516
0.051115625
0.05113525
0.051153366
0.051172539
0.051186367
0.05121611
0.051234041
0.05127799
0.051286087
0.051297133
0.051326394
0.051345726
0.051342207
0.051398524
0.051409341
0.05142756
0.051456621
0.051486154
0.051485568
0.051518307
0.051545321
0.051549756
0.051583566
0.051600445
0.051646258
0.051641271
0.051669239
0.051698103
0.051702452
0.051717624
0.0517509
0.051777576
0.051804187
0.051833491
0.051852445
0.051878284
0.051886035
0.051909039
0.051935665
0.051931132
0.051965547
0.052006806
0.052018431
0.05203135
0.052065362
0.052084413
0.052098658
0.052139721
0.0521296
0.05217008
0.052186951
0.052219525
0.052237423
0.052244645
0.052280604
0.052313407
0.052320025
0.05234639
0.052365825
0.052383999
0.052414137
0.05242711
0.052429329
0.052466927
0.05248501
0.05254315
0.052531148
0.052561032
0.052582237
0.052591278
0.052623086
0.05265902
0.052670907
0.052689069
0.052695005
0.052726334
0.0527631
0.052779929
0.052803274
0.052824923
0.052847158
0.05287434
0.052893526
0.052892133
0.052924666
0.052945445
0.052961837
0.05298259
0.053005121
0.053032929
0.053069642
0.053085159
0.053080328
0.053119298
0.05313415
0.053156799
0.053187797
0.053198609
0.053231611
0.053256663
0.053274485
0.053286249
0.053308143
0.053340766
0.053345485
0.053390822
0.053411174
0.053437229
0.053449023
0.05346276
0.05348289
0.053512167
0.05353826
0.053568034
0.053588948
0.053606295
0.053613574
0.053655981
0.053661809
0.053686743
0.053714951
0.053726977
0.053757976
0.053783397
0.053783429
0.053811539
0.05384177
0.053847599
0.053886848
0.053902564
0.053918724
0.053951383
0.053968396
0.053989914
0.053982327
0.054032986
0.054042998
0.054096788
0.054098266
0.054128463
0.054139751
0.054155389
0.054189444
0.05421022
0.054235022
0.054254574
0.054279771
0.054306841
0.054319637
0.054334841
0.054350768
0.054397526
0.05439886
0.054406145
0.054454586
0.054466296
0.054489217
0.05451004
0.054525278
0.054555326
0.054573777
0.054595182
0.05461935
0.054638232
0.054661325
0.054684824
0.054709061
0.054724874
0.054739865
0.054763474
0.054805544
0.05482979
0.054831859
0.054861213
0.054885932
0.054897974
0.054921434
0.054943583
0.054966501
0.054979128
0.055021265
0.055013368
0.055043127
0.05509158
0.055097241
0.055118418
0.055115042
0.055165601
0.055169637
0.055198838
0.055228726
0.055244597
0.055267905
0.05529002
0.055308875
0.055320371
0.055355214
0.055361826
0.055404628
0.05541601
0.055429866
0.055468131
0.055492037
0.055514115
0.055529215
0.055544296
0.055579291
0.055598223
0.055612035
0.055640501
0.055671455
0.055676255
0.055725041
0.05572041
0.05575325
0.055768966
0.055799662
0.055806565
0.055830381
0.055853363
0.055863617
0.055885874
0.055924659
0.055941371
0.05596857
0.055986196
0.056021148
0.056039533
0.056040816
0.05607572
0.056097671
0.056099265
0.056120479
0.056172155
0.056170976
0.056207344
0.056230855
0.056252499
0.056277752
0.056301971
0.056299504
0.05633623
0.056349102
0.056379289
0.056398968
0.056425062
0.056443698
0.056464429
0.05648174
0.056500508
0.056525833
0.056543363
0.056581839
0.056609769
0.05661328
0.056637544
0.056641552
0.056671094
0.056710713
0.056738478
0.056740697
0.056755914
0.056790412
0.056817458
0.056827725
0.056864278
0.056869883
0.05688951
0.056916516
0.05695381
0.056959484
0.056973769
0.057000788
0.057037093
0.057056006
0.05705876
0.057076949
0.057117726
0.057134593
0.057165082
0.057187929
0.057206671
0.057235171
0.057237503
0.057271648
0.057287976
0.057303765
0.057330526
0.057333242
0.057364133
0.057402117
0.057417383
0.05743338
0.057461618
0.057478677
0.05749415
0.05753566
0.057546257
0.057586904
0.057590584
0.057602591
0.057638745
0.057654321
0.057681978
0.057690317
0.057717289
0.057740299
0.05776586
0.057783212
0.057813084
0.057828552
0.057840771
0.05787543
0.057882428
0.05790666
0.057928621
0.057958072
0.057977486
0.057988212
0.058014989
0.058027341
0.058061828
0.058086814
0.058113336
0.058116508
0.058135188
0.058155534
0.058178121
0.058212155
0.05823609
0.058263363
0.058272363
0.058297044
0.058312023
0.05834939
0.058349328
0.058388178
0.058392994
0.058421802
0.05844797
0.05846567
0.058483368
0.058521389
0.058542091
0.058547823
0.058573373
0.058592468
0.058606912
0.058637144
0.058666817
0.058693345
0.058711017
0.058728195
0.058748944
0.058782451
0.058797644
0.058808537
0.058821981
0.058876869
0.058881562
0.05890088
0.058933031
0.058954675
0.058966309
0.058991267
0.059004668
0.059028325
0.059054241
0.059078583
0.059096594
0.059126198
0.059134972
0.059166524
0.059182145
0.059207483
0.059227235
0.059245437
0.059260634
0.059295338
0.059308479
0.05933527
0.059353613
0.059371793
0.059407677
0.059412798
0.059441763
0.059464656
0.059494061
0.059511707
0.059519032
0.059551442
0.05957822
0.059597314
0.059618454
0.059645585
0.059658542
0.059679858
0.059691667
0.059710939
0.059761879
0.059782031
0.059796932
0.059811031
0.059842074
0.059862068
0.059873178
0.059897778
0.059932769
0.059941489
0.059958409
0.059987944
0.060007149
0.060038926
0.06004158
0.060077826
0.060095428
0.060122499
0.060143708
0.060167124
0.060184344
0.060211885
0.06022968
0.060248702
0.060263717
0.060284384
0.060311772
0.060328922
0.060352671
0.060379306
0.060378577
0.060408607
0.060445496
0.060459881
0.060492674
0.060504595
0.060541332
0.060542074
0.060568784
0.060585714
0.060613551
0.060626221
0.060654544
0.06066632
0.060706823
0.060732458
0.060729035
0.060776042
0.060776643
0.060801332
0.060830652
0.060843741
0.060866275
0.060885137
0.060924168
0.060936389
0.060964054
0.060979646
0.06099158
0.061023412
0.061055077
0.061064896
0.061086273
0.061103791
0.061120944
0.061140117
0.061188926
0.061187774
0.061219173
0.061246195
0.061260218
0.061270347
0.061304484
0.061327739
0.061349947
0.061378215
0.061373308
0.061405779
0.061437336
0.061457348
0.061472054
0.061501755
0.061530553
0.061542528
0.061576017
0.061586148
0.061601491
0.061631276
0.061639877
0.061669195
0.061697842
0.061709764
0.061738018
0.061760726
0.061781449
0.061807438
0.061818143
0.061832251
0.061875025
0.061883107
0.061890544
0.061941115
0.061953156
0.061960913
0.061995294
0.062011815
0.062040266
0.062046005
0.06208422
0.062106587
0.062119048
0.062150076
0.062161803
0.062185731
0.06222116
0.062229498
0.06225826
0.062271563
0.062295921
0.062324389
0.062358309
0.062368191
0.062375539
0.06241877
0.06241941
0.062442557
0.062481299
0.062484591
0.062531823
0.062531224
0.062555969
0.062577437
0.062600911
0.06262664
0.062645157
0.062654499
0.062689672
0.062715156
0.062726635
0.062764891
0.062780909
0.062795171
0.062815957
0.062840157
0.062847482
0.062877999
0.062893939
0.062914337
0.062945394
0.062966904
0.062988705
0.06301969
0.063031297
0.063059973
0.063094782
0.063099996
0.063133384
0.063135164
0.063163833
0.063193959
0.0632136
0.063240087
0.063258675
0.063272073
0.063281704
0.063342093
0.063332185
0.063354736
0.063369079
0.06339423
0.063416062
0.063449862
0.063456796
0.063491469
0.063504479
0.063531322
0.063544539
0.063562197
0.06359946
0.063616776
0.063647484
0.063655855
0.063684465
0.063689122
0.063731101
0.063733363
0.063762772
0.063795028
0.063816454
0.063839272
0.063847013
0.063874783
0.063903501
0.063917467
0.063967163
0.063960302
0.06398765
0.063989761
0.064016811
0.064039724
0.06406407
0.064078698
0.064124174
0.064135171
0.064170193
0.064163331
0.064182765
0.064232544
0.064246616
0.064277029
0.064277744
0.064305104
0.064321299
0.064352336
0.064362297
0.064378107
0.064421315
0.064448905
0.064455602
0.06447811
0.064493396
0.064530355
0.064538558
0.064560297
0.064605044
0.064628535
0.064630647
0.064670468
0.064675684
0.064681957
0.064715321
0.064742567
0.064755803
0.064782635
0.064818399
0.064824613
0.064854702
0.064868565
0.06490416
0.064921472
0.064942768
0.064979575
0.064985771
0.06498803
0.065020172
0.065047127
0.065060803
0.065073623
0.065105944
0.065132211
0.065165682
0.065163492
0.065207316
0.065206559
0.065230835
0.065255298
0.065278964
0.06531053
0.065328852
0.065350166
0.065356277
0.06539697
0.065405183
0.06543374
0.065445983
0.065468953
0.065493921
0.065516646
0.065528362
0.065573224
0.065573353
0.065598201
0.065634316
0.065647707
0.065671762
0.06569001
0.065712551
0.065735973
0.065743625
0.065763243
0.065805004
0.065804938
0.065853007
0.065864692
0.065883925
0.065917891
0.065928494
0.065959064
0.065970944
0.065981634
0.066010413
0.066045615
0.066051132
0.066084234
0.0660963
0.0661192
0.066144046
0.066160572
0.06619525
0.066205395
0.066246839
0.06624964
0.066282687
0.066286359
0.06633264
0.066336374
0.066358597
0.066383719
0.066397085
0.066420912
0.066453655
0.066459088
0.066496542
0.066519647
0.066526571
0.066562408
0.066584666
0.066603121
0.066633762
0.066632211
0.066655602
0.066690656
0.066710606
0.066738801
0.066753233
0.066768967
0.066788092
0.066808139
0.066823738
0.066864923
0.06688376
0.066894135
0.066938449
0.066933727
0.066968211
0.0669884
0.067003674
0.067023101
0.067058892
0.067066596
0.067086322
0.067108827
0.067139627
0.067156506
0.06717312
0.067188866
0.067233025
0.067249352
0.067286522
0.067292126
0.067310142
0.067323858
0.06735595
0.067369879
0.067395295
0.06742968
0.067442256
0.067455009
0.067486535
0.067493885
0.067531257
0.067551181
0.06758402
0.067587852
0.067604451
0.067636666
0.06765561
0.067680915
0.067709334
0.067727042
0.067748865
0.06777431
0.067793755
0.067804952
0.067853027
0.067860796
0.067884219
0.067895359
0.067919755
0.0679508
0.067966202
0.067995656
0.068013598
0.06801492
0.068054758
0.068090657
0.068090854
0.068109272
0.068127764
0.068155619
0.068171962
0.068197316
0.068224749
0.068250081
0.068274004
0.068289346
0.068313083
0.068337348
0.068366491
0.068366989
0.068404357
0.068436814
0.06844382
0.068449717
0.068479826
0.068502408
0.068544259
0.068553276
0.068571142
0.068606788
0.068606949
0.068631676
0.068663829
0.068674995
0.068700734
0.068721475
0.068735816
0.068769824
0.068779547
0.068814303
0.06883152
0.068847625
0.068871178
0.068889131
0.068914323
0.068949438
0.068961735
0.068980928
0.069004805
0.069028954
0.069050817
0.069063702
0.06908003
0.069094668
0.069135984
0.069147936
0.069177062
0.069189002
0.069212944
0.069247634
0.069261745
0.069282866
0.069313292
0.06933315
0.069341901
0.06937961
0.069389127
0.069415481
0.069435733
0.069466504
0.06948821
0.069507041
0.069528192
0.069546072
0.069561996
0.069590667
0.069616408
0.069628131
0.069656594
0.069676987
0.06968328
0.069718665
0.069746003
0.069773998
0.069783958
0.069807593
0.069839808
0.069850163
0.069873324
0.069886131
0.069911759
0.069933007
0.069946176
0.069987198
0.06999025
0.070031272
0.070054732
0.070051355
0.070090975
0.070105411
0.070126635
0.07014936
0.070181896
0.070191542
0.07022192
0.070233945
0.070253139
0.070267956
0.070289994
0.070311027
0.070348874
0.070361113
0.070399094
0.07040639
0.070437248
0.07044035
0.070483005
0.070502441
0.07052229
0.070535296
0.070562131
0.070578358
0.070610904
0.070630744
0.070659384
0.070655498
0.070696705
0.070719094
0.070738954
0.070758393
0.070788212
0.070798927
0.070825099
0.070842195
0.070870945
0.070904845
0.070896583
0.070929079
0.070955996
0.07098084
0.070988642
0.071010313
0.071054445
0.071061252
0.0710839
0.071105663
0.071129651
0.071147794
0.071174025
0.071188583
0.071202499
0.071218677
0.071255904
0.071278998
0.071292832
0.071316792
0.071334046
0.071377965
0.071385522
0.071409741
0.071424134
0.071450388
0.071478246
0.071499064
0.071511304
0.0715315
0.071570755
0.071579404
0.071610448
0.071627145
0.071662337
0.071655895
0.07169177
0.071718807
0.071735146
0.071767665
0.07176639
0.071800337
0.071823294
0.071851894
0.071880109
0.071885304
0.071914323
0.071933352
0.071949919
0.071969017
0.071998076
0.072015333
0.072035708
0.072061878
0.072098041
0.072113466
0.072133559
0.072160025
0.072164856
0.072192676
0.072201717
0.072241775
0.072269235
0.072271122
0.072301062
0.072313785
0.07234712
0.072374075
0.072390204
0.072412623
0.072435357
0.072466699
0.072482594
0.072502173
0.072522432
0.072543267
0.072545361
0.072588928
0.07260937
0.072646286
0.072650061
0.072672798
0.072685439
0.072719326
0.072750793
0.072746891
0.072787545
0.072808496
0.072826108
0.072839563
0.072873193
0.072880933
0.072923126
0.072929094
0.072952329
0.072988013
0.072986255
0.07302178
0.073034872
0.073068582
0.073074509
0.073093557
0.073126526
0.073148343
0.073174385
0.073203734
0.07321198
0.073232489
0.073246189
0.073284252
0.073302382
0.07331243
0.073338877
0.073363697
0.073372521
0.07340003
0.07343691
0.073442161
0.073456864
0.073491226
0.073511046
0.073528086
0.073544298
0.073565646
0.073600588
0.073620184
0.073647445
0.073669724
0.073680913
0.073713568
0.073722368
0.073757435
0.073770448
0.073790948
0.073817014
0.073832347
0.073857404
0.073877331
0.073897846
0.073918114
0.073950855
0.07396015
0.07397435
0.074008809
0.074036317
0.074043671
0.074073847
0.074096004
0.074106319
0.074141059
0.074150988
0.074188043
0.07420855
0.074222481
0.074242623
0.074261675
0.074282071
0.074318747
0.074341569
0.074364116
0.074385938
0.074405266
0.074413302
0.074437044
0.074457765
0.074483306
0.074507955
0.074521595
0.074558841
0.074573015
0.074589787
0.074617521
0.074641284
0.074650326
0.074679366
0.074701015
0.07471378
0.074757352
0.074763755
0.074792697
0.074815169
0.074819048
0.07485583
0.074876344
0.074872256
0.074927042
0.074944952
0.074958876
0.074977706
0.074991732
0.075028395
0.07503601
0.075073244
0.075088609
0.075104942
0.075135364
0.075153245
0.075156506
0.075195591
0.075216911
0.075249968
0.075255855
0.075295604
0.075300415
0.075321568
0.075354043
0.075358932
0.075393497
0.075416943
0.075424237
0.075464935
0.075476231
0.07549828
0.07554343
0.075544395
0.075564909
0.075573384
0.075609224
0.075619369
0.075650823
0.075671537
0.075680461
0.075716911
0.075739554
0.075756745
0.075757695
0.075805462
0.075809398
0.075858065
0.075871756
0.075897211
0.075911142
0.075920769
0.075954228
0.075979653
0.075983647
0.076030642
0.076035409
0.07604659
0.076072519
0.076112206
0.076135331
0.076147808
0.076163704
0.076173554
0.076210622
0.076249596
0.076254614
0.076272301
0.076295983
0.076312459
0.076344276
0.076372215
0.076386042
0.076407054
0.076439611
0.07646965
0.076474369
0.076494516
0.076516624
0.076547269
0.076565928
0.076576104
0.076608105
0.076629886
0.076642731
0.076669441
0.076687491
0.07671743
0.076721493
0.076763045
0.076777639
0.076788844
0.076814287
0.076829632
0.076858277
0.076895037
0.076890709
0.076924627
0.076953634
0.076963043
0.076988076
0.077010317
0.077038276
0.077057837
0.077083243
0.077113669
0.077125705
0.077131223
0.077165592
0.07719284
0.07720717
0.077221761
0.077266276
0.077272444
0.077298881
0.077308588
0.077324313
0.077356694
0.077388055
0.077388136
0.077418177
0.077456052
0.077459751
0.077485698
0.077522752
0.077532254
0.077551903
0.077572028
0.077593953
0.077627747
0.07764675
0.077678029
0.07769743
0.077712178
0.077731789
0.077757149
0.077781099
0.077802102
0.077829262
0.077841383
0.077856684
0.077881422
0.077914581
0.077922126
0.077954445
0.077966168
0.077989504
0.078017849
0.078041366
0.078053602
0.078081877
0.078102303
0.078115524
0.078149665
0.078170809
0.078184533
0.078202323
0.078242492
0.078243467
0.078274356
0.078283089
0.078322732
0.078341978
0.07836863
0.078390156
0.078408325
0.078432624
0.078454607
0.07846438
0.078486028
0.078507662
0.078519481
0.078542711
0.078572459
0.078604518
0.078621443
0.078651585
0.078678768
0.078692232
0.078714601
0.078727213
0.07875114
0.078783609
0.078806519
0.078815555
0.078835191
0.078866705
0.078882042
0.078918509
0.078919853
0.078946175
0.07896161
0.078996872
0.0790024
0.079043053
0.079069504
0.079066034
0.079091157
0.079118501
0.079136094
0.079175458
0.07918134
0.079223879
0.079245805
0.079254495
0.0792787
0.079283233
0.079316116
0.079337813
0.079352882
0.079386382
0.079400396
0.079422208
0.079446902
0.079469014
0.079499773
0.079516606
0.079522881
0.079558759
0.079576815
0.079603574
0.079603465
0.079645743
0.079650211
0.079676979
0.079720345
0.079713144
0.079735468
0.079781649
0.079787844
0.079826798
0.079845342
0.079859687
0.079887479
0.079914167
0.079923453
0.079950407
0.079965632
0.079974863
0.080012222
0.080036854
0.080050589
0.080080955
0.080100753
0.080109376
0.080154178
0.080171867
0.080176861
0.080197702
0.080233176
0.080244082
0.080274944
0.080278059
0.080313894
0.080307225
0.080373767
0.080367108
0.080400544
0.080417557
0.08044596
0.080465335
0.0804886
0.080515734
0.080531663
0.080544808
0.080565509
0.08059756
0.080627934
0.080639798
0.080670698
0.080665689
0.080708846
0.080708548
0.080759339
0.080777547
0.080791573
0.080812843
0.080821911
0.080860707
0.080861682
0.080903566
0.080912848
0.08094951
0.080966354
0.080975174
0.081013342
0.081020852
0.081030453
0.081058226
0.081099864
0.081114394
0.081141027
0.081149778
0.081179604
0.081190824
0.081222256
0.081244921
0.081268416
0.081288788
0.081315367
0.081335157
0.081353982
0.081365403
0.081394543
0.081397441
0.081439627
0.081460554
0.081470869
0.081510728
0.081532174
0.081550998
0.081568745
0.081585061
0.081615364
0.081636025
0.081660267
0.081689338
0.081704729
0.081720472
0.081742305
0.081752033
0.081800718
0.081797708
0.08184038
0.081856485
0.081870354
0.081895653
0.08191553
0.081932225
0.081956348
0.081986847
0.08199364
0.082025263
0.082045434
0.08206816
0.082084572
0.082110414
0.082124453
0.082165095
0.082172744
0.082193355
0.082215364
0.082246858
0.082270987
0.082290425
0.082293154
0.08233263
0.082344918
0.082364145
0.082378866
0.082415934
0.082454799
0.082451098
0.082471366
0.082506174
0.082529801
0.082542232
0.082583422
0.082582289
0.082606705
0.082630755
0.082651692
0.082671858
0.082695513
0.082718526
0.082735157
0.082770711
0.082772529
0.082803132
0.082819583
0.082825182
0.082862467
0.08288106
0.082919071
0.082935672
0.08295684
0.082988212
0.08298874
0.083022611
0.083059486
0.083067608
0.083095119
0.083102432
0.083120797
0.08314999
0.083186584
0.083209525
0.083219138
0.083247271
0.083264086
0.083296727
0.083318073
0.083327085
0.083333109
0.083385106
0.083403804
0.083412035
0.083443808
0.0834521
0.083490035
0.083507899
0.083508992
0.083549037
0.083579523
0.083583306
0.083604136
0.083617027
0.083657224
0.083677756
0.083699423
0.083726649
0.083749571
0.083781627
0.083780818
0.083804766
0.083835153
0.083869082
0.083867166
0.083895953
0.083924463
0.083946905
0.083950223
0.083991467
0.084005852
0.084028967
0.084044678
0.084066651
0.084092116
0.084107958
0.084142639
0.084161825
0.084176056
0.084194491
0.084227047
0.084229311
0.08427003
0.084277452
0.084308476
0.08433393
0.084353853
0.084375671
0.084398936
0.08442521
0.084459121
0.084463959
0.084498484
0.084505422
0.08452485
0.084550897
0.08456971
0.084611278
0.084606686
0.084641619
0.084644448
0.084703936
0.084705121
0.084727959
0.084748306
0.08476753
0.084787564
0.084814416
0.084839664
0.084851354
0.084881111
0.084886829
0.084921495
0.084949037
0.084964442
0.084976484
0.085000125
0.08504151
0.085046989
0.085072851
0.085095664
0.085120915
0.085137837
0.085164938
0.085184325
0.08521735
0.085221625
0.085253961
0.085268884
0.085299612
0.08531291
0.085343764
0.085367239
0.085387738
0.085406269
0.08541108
0.085448366
0.085473481
0.085509245
0.085520753
0.08553169
0.085551508
0.085588778
0.085604175
0.085631043
0.085646138
0.085675305
0.08571035
0.085707748
0.085756523
0.085757814
0.085775089
0.085803949
0.085814471
0.085853188
0.08587666
0.085899168
0.085902469
0.085918636
0.085952385
0.085989843
0.085994249
0.08603711
0.086047334
0.086080104
0.086085303
0.086097701
0.086141088
0.086157185
0.086172543
0.086205477
0.086227314
0.086252066
0.086272204
0.086302255
0.086309629
0.086335774
0.08635883
0.086379044
0.08639008
0.08643602
0.086451761
0.086467913
0.086491263
0.086512047
0.086525789
0.086549525
0.086575588
0.086594194
0.086631761
0.086649892
0.086659436
0.086698005
0.086711404
0.086740339
0.086758394
0.086784796
0.086812866
0.086818481
0.086844503
0.086859051
0.086871371
0.086912679
0.086925828
0.086961782
0.086989363
0.086988337
0.08703051
0.087034911
0.087066657
0.087099433
0.087119257
0.087124547
0.087147889
0.087175261
0.087205204
0.087216496
0.087253077
0.08726262
0.0873063
0.087304663
0.087312397
0.087365879
0.087381486
0.08740511
0.087432983
0.087442894
0.087473622
0.087505169
0.087513003
0.087544259
0.087555376
0.087583926
0.087615575
0.087643201
0.087652021
0.087675595
0.087689589
0.087710523
0.087741179
0.087763111
0.087778778
0.087801698
0.087842049
0.087843335
0.08786625
0.087887928
0.087918853
0.087958131
0.087965352
0.087987293
0.087995523
0.088027996
0.088039085
0.088078906
0.088108072
0.088132694
0.088153531
0.088173657
0.08820213
0.088209155
0.088232262
0.088260817
0.088276874
0.088308148
0.088331113
0.088343949
0.0883671
0.088367883
0.088396331
0.088406124
0.088440817
0.088454923
0.088466153
0.088497123
0.088510512
0.088542085
0.08857502
0.088588638
0.088603601
0.088629245
0.088654965
0.088661764
0.088691015
0.088717176
0.088746006
0.088752495
0.088774358
0.088815137
0.088821334
0.088851914
0.088871215
0.08889524
0.088920297
0.088947963
0.088964461
0.088978184
0.089016435
0.089034187
0.089042599
0.089076036
0.089093464
0.089109015
0.089133724
0.089155473
0.089179004
0.08919595
0.089220254
0.089235096
0.089263043
0.089264347
0.089292103
0.089316727
0.089329848
0.089347204
0.089356099
0.089380865
0.089403525
0.08941692
0.089429944