0.384496482
0.38454664
0.385087347
0.38571957
0.385153809
0.385852041
0.386189476
0.386670441
0.386312311
0.386594905
0.386038423
0.386697853
0.387395054
0.387393859
0.387984167
0.387252531
0.387468155
0.38808073
0.387838219
0.38821693
0.388101881
0.3885004
0.388551768
0.38856163
0.388781838
0.38966269
0.389346802
0.389653671
0.389135995
0.389985684
0.389485964
0.389653239
0.390101149
0.389860988
0.389735874
0.390372012
0.389530038
0.390484117
0.390422553
0.390425555
0.390785898
0.390597621
0.390616417
0.390946226
0.391078733
0.390967127
0.390690604
0.390744443
0.390847283
0.391175272
0.390891963
0.391369161
0.391485494
0.391686156
0.391558177
0.391775681
0.391894184
0.392184536
0.391937524
0.391765925
0.392053771
0.392906335
0.392390645
0.392109625
0.392162407
0.39282887
0.392005355
0.39224261
0.39248939
0.392498736
0.392685692
0.392860151
0.39264933
0.392522766
0.392823247
0.392709677
0.392674493
0.393077399
0.392799455
0.392945628
0.393090737
0.39285663
0.392952721
0.39313289
0.393005868
0.393006541
0.393083768
0.39308154
0.393557144
0.393224218
0.393744457
0.393500122
0.393493008
0.393732752
0.393406474
0.393534257
0.393783325
0.393734059
0.393647174
0.39341199
0.393877948
0.393849319
0.39359559
0.39377043
0.393989156
0.393656626
0.393476094
0.393858127
0.393637819
0.394216786
0.394074994
0.394175876
0.394089335
0.394048265
0.394162208
0.39421943
0.394156086
0.394303802
0.394415225
0.394169229
0.394215547
0.39427487
0.394196712
0.394512088
0.394067931
0.3941808
0.394572761
0.394318943
0.394190275
0.394329511
0.394414922
0.394593133
0.394512738
0.39438353
0.394631524
0.394500268
0.394666456
0.39457715
0.394458379
0.394497132
0.394701988
0.394566164
0.394674072
0.394570239
0.394636236
0.394788418
0.39487986
0.394544026
0.394909291
0.395028437
0.395010096
0.394751521
0.394816293
0.394822312
0.394778425
0.394858848
0.394853096
0.39480679
0.394868495
0.394832157
0.394947007
0.395032099
0.395020951
0.395070279
0.395127352
0.394982312
0.395228588
0.395085116
0.39501782
0.394987959
0.39511851
0.39500483
0.394999172
0.395278092
0.39500864
0.395367904
0.395008601
0.39528255
0.395086209
0.395084862
0.395378157
0.395279202
0.394999549
0.395274846
0.395210535
0.395243776
0.395184834
0.395375542
0.395359707
0.395392365
0.395474875
0.395464993
0.39540815
0.395323209
0.395490039
0.395563535
0.395338675
0.395474076
0.395579318
0.395526852
0.395481444
0.395349348
0.395399677
0.395575728
0.395538653
0.395542386
0.395559172
0.395555234
0.395516111
0.395488075
0.395524171
0.395526955
0.395588691
0.395680581
0.395671352
0.395715936
0.395787579
0.395761018
0.395731735
0.395671132
0.395656011
0.395722777
0.395890524
0.395730116
0.395867199
0.395673509
0.395717822
0.395734198
0.395794883
0.395710937
0.39583672
0.395751082
0.395842751
0.395884176
0.395858698
0.395852235
0.39574515
0.395740857
0.39576049
0.395946086
0.395807887
0.395824583
0.395982845
0.395989248
0.39601795
0.396092872
0.396090539
0.395952884
0.396014917
0.396018901
0.395817265
0.39593086
0.3960408
0.396038564
0.396047623
0.395959015
0.396161247
0.396055228
0.396357643
0.396064106
0.396010988
0.3960216
0.396229884
0.396050348
0.395969713
0.396199746
0.396216354
0.395994909
0.396187629
0.396045448
0.396238165
0.396320148
0.396179141
0.396266095
0.396177606
0.396166093
0.396282159
0.396274662
0.396234082
0.396270061
0.396174278
0.396299433
0.396336606
0.396220204
0.396256494
0.39632754
0.396182927
0.3963287
0.396159099
0.396324268
0.396439764
0.396301166
0.39642264
0.396481548
0.396425685
0.39629881
0.396387134
0.396368042
0.396407113
0.396355556
0.396520067
0.396415233
0.396452033
0.396502552
0.396430552
0.396415483
0.396517414
0.396414331
0.396433999
0.396469299
0.396456523
0.396530698
0.396391194
0.396439206
0.396384896
0.396428417
0.396597572
0.39649276
0.396494439
0.396551964
0.396538588
0.396548595
0.396493346
0.39657126
0.396474161
0.396574273
0.396626098
0.396560932
0.396447808
0.396585445
0.396639847
0.396561988
0.396523703
0.396550102
0.396566932
0.39661264
0.396609962
0.396634433
0.396585648
0.396598703
0.396592097
0.396566258
0.39663243
0.396686165
0.396549013
0.396679883
0.396602689
0.396656214
0.396751066
0.396795547
0.396666028
0.396774172
0.396689599
0.396663639
0.39676577
0.396863789
0.396764104
0.39678633
0.396762758
0.396753525
0.396704562
0.396795688
0.396769362
0.396900083
0.396693847
0.396816003
0.396751788
0.39682136
0.396808787
0.396800005
0.396864688
0.396902668
0.396806418
0.39685525
0.396860267
0.396880223
0.396901252
0.396844827
0.396790748
0.396976786
0.396937962
0.396932219
0.39686689
0.396913641
0.396859412
0.396920365
0.396882065
0.396902408
0.396896239
0.39691262
0.396901047
0.396915541
0.396888387
0.396958614
0.396817057
0.396990414
0.396919543
0.396889023
0.397040632
0.396983359
0.397005863
0.396983036
0.397071589
0.39701423
0.396881683
0.397009057
0.396994659
0.397005711
0.39690757
0.39704122
0.397051031
0.397153667
0.397003334
0.39709289
0.396952378
0.396998441
0.397032448
0.397062419
0.396992658
0.397004939
0.397005059
0.396973862
0.397081064
0.397061887
0.397166562
0.396972265
0.397063557
0.39709013
0.397041438
0.397173015
0.397143474
0.396980756
0.397187882
0.397005834
0.397127557
0.397197085
0.397088451
0.397140113
0.397162292
0.397178592
0.397156006
0.397151561
0.397039428
0.397160943
0.39711529
0.397155723
0.397197316
0.397106155
0.397107928
0.397168828
0.397241283
0.397161478
0.397241158
0.397213521
0.397228009
0.397206172
0.397208285
0.397183122
0.397196446
0.397193872
0.397192499
0.397187764
0.397260252
0.397284759
0.397214248
0.397251209
0.397207262
0.397256226
0.397285607
0.397186776
0.397200117
0.397225825
0.397224127
0.397202587
0.397270492
0.397189388
0.397321357
0.397212656
0.397300214
0.397226999
0.397282125
0.39724273
0.397283831
0.397380495
0.397289283
0.397450115
0.397393341
0.397327136
0.397274539
0.397382249
0.397335675
0.39733879
0.397360285
0.397381719
0.397343983
0.397350296
0.397390894
0.397416275
0.397419467
0.397375885
0.397332554
0.39740047
0.397434547
0.397266305
0.397398087
0.397447633
0.397418505
0.397340689
0.397388299
0.397451402
0.39744286
0.397374622
0.397527657
0.397453336
0.397420547
0.397484688
0.397439343
0.397495084
0.397520812
0.397523602
0.397391957
0.397447839
0.397560573
0.397533013
0.397504351
0.397531957
0.397444338
0.397537908
0.397529633
0.397511698
0.39751419
0.397520122
0.397468859
0.397591457
0.397497062
0.397580215
0.397580689
0.397566552
0.397530674
0.397533473
0.397504357
0.397510234
0.397525459
0.397587019
0.397548108
0.397509033
0.397576398
0.397593446
0.397585704
0.397544511
0.397558514
0.397547154
0.397600066
0.397574082
0.397666718
0.397633192
0.397590044
0.397525663
0.397634226
0.397511787
0.397616957
0.397553546
0.397601684
0.397599199
0.397613672
0.397593013
0.397629132
0.39769845
0.397660189
0.397666567
0.397669685
0.397688559
0.397689947
0.397714411
0.397604672
0.397711196
0.397666589
0.397688387
0.397691643
0.397679564
0.397722233
0.397663774
0.397708433
0.397656424
0.39773407
0.397635697
0.397677075
0.397711873
0.397740482
0.397684312
0.397708946
0.397744086
0.397748425
0.397764289
0.397710688
0.397756543
0.397732923
0.397676599
0.397713145
0.397765629
0.397699526
0.397783146
0.397766528
0.397793638
0.397745297
0.3977067
0.397772389
0.397771939
0.397757229
0.397748065
0.397767065
0.397757242
0.397798441
0.39777476
0.397773369
0.39776594
0.397735375
0.397788751
0.397783692
0.39778358
0.397801078
0.397821273
0.397847123
0.397800546
0.397762417
0.397854409
0.397819691
0.397748621
0.397772251
0.397834438
0.397802602
0.397786432
0.39777233
0.397795921
0.397851748
0.397809294
0.397852618
0.397822562
0.397839653
0.397824956
0.397846161
0.397846062
0.397858301
0.397869107
0.397850301
0.397848963
0.397812852
0.397799446
0.397904571
0.397887111
0.397872691
0.397884238
0.39779202
0.397961802
0.39788183
0.397901005
0.397899447
0.39791579
0.397913169
0.397895778
0.397899277
0.397914013
0.397906028
0.397884744
0.397882437
0.397931713
0.397909787
0.39788139
0.397956186
0.397893873
0.397932575
0.397922989
0.397953531
0.397949945
0.397975841
0.397936718
0.397927103
0.397955874
0.397941204
0.397945714
0.397932362
0.397991236
0.39794481
0.397925957
0.397995763
0.39795378
0.397967634
0.397953085
0.397973791
0.397963941
0.398035174
0.398007728
0.397990619
0.397971659
0.398027622
0.398084479
0.397998796
0.398046926
0.398001754
0.398004197
0.398013967
0.397997813
0.398074771
0.398019078
0.398051939
0.398051746
0.398029335
0.398016973
0.397987867
0.398020354
0.39805855
0.398017569
0.398048501
0.398082448
0.398056373
0.39805166
0.398077393
0.398131504
0.398121603
0.398077624
0.398094784
0.398079669
0.398087967
0.398070878
0.398118939
0.398033069
0.39804991
0.398097196
0.398163344
0.39813572
0.398098985
0.398073606
0.398112171
0.398109821
0.3981269
0.398119239
0.398094657
0.398092659
0.398058176
0.398110707
0.398169399
0.398110214
0.398119695
0.398129628
0.398114844
0.398134181
0.398094054
0.398138295
0.398126386
0.398163196
0.398126688
0.398132401
0.398158816
0.398150826
0.398169252
0.398172199
0.398116849
0.398113374
0.398130492
0.398091892
0.398138279
0.398164327
0.398184088
0.398156931
0.398134535
0.398153151
0.398144434
0.398111039
0.398167321
0.398215361
0.398188666
0.398170468
0.398180141
0.398265138
0.398208116
0.39818561
0.398174221
0.398174995
0.398165286
0.398188728
0.398200342
0.398204076
0.398226386
0.398233617
0.39818043
0.39822039
0.398192011
0.398237342
0.398233438
0.39821727
0.398272891
0.398250641
0.39823164
0.398204433
0.39824962
0.398226421
0.398226519
0.39825117
0.398233984
0.398188702
0.398300605
0.398222889
0.398221062
0.398288492
0.398216517
0.398244247
0.398258157
0.398244111
0.398241964
0.398249074
0.398310314
0.398280871
0.398292828
0.398282864
0.398257512
0.398294013
0.398267924
0.398255158
0.398231455
0.398260916
0.39829543
0.398296041
0.39831833
0.398331454
0.398306868
0.398273289
0.398292036
0.398282304
0.398316109
0.398290281
0.398266478
0.39831517
0.398307027
0.398303596
0.398288405
0.398334774
0.398320323
0.398309438
0.398321873
0.398294371
0.398297207
0.398291614
0.398310112
0.398316112
0.398314262
0.39833366
0.398311214
0.398307401
0.398330401
0.398323274
0.398279515
0.398350028
0.39832491
0.398356027
0.398341071
0.398291719
0.398329435
0.398321488
0.398389445
0.398368508
0.39837906
0.398313023
0.398326944
0.398362018
0.398343594
0.398357204
0.398346819
0.398352788
0.39830669
0.398366366
0.398378445
0.398383288
0.398382178
0.398378453
0.398350972
0.398354262
0.39840027
0.398404945
0.398386025
0.398380908
0.398404997
0.398398048
0.398372864
0.398374551
0.398337513
0.398343214
0.398419261
0.398423432
0.398354317
0.398365526
0.39837267
0.398407072
0.39841423
0.398387159
0.398407886
0.398419538
0.398401861
0.398473046
0.39842368
0.398451005
0.398402633
0.398416288
0.398435311
0.398461131
0.398450204
0.398395385
0.398450889
0.39842747
0.398473775
0.398449474
0.398446831
0.398442775
0.398462022
0.398451052
0.398470349
0.398460653
0.398449648
0.398483511
0.398462047
0.398466086
0.398447757
0.398452718
0.398474745
0.39843076
0.398474089
0.398508191
0.398465704
0.398440338
0.398501858
0.398468912
0.398461954
0.398446704
0.398495339
0.398475048
0.398485625
0.398510576
0.398461935
0.398473283
0.398490408
0.398477616
0.398479513
0.398495852
0.398526101
0.398477124
0.398468907
0.398480831
0.398473371
0.398508497
0.398504388
0.398493349
0.398532096
0.398493757
0.398475732
0.398517199
0.398505206
0.398506899
0.39852822
0.398524474
0.398510611
0.398514784
0.398533755
0.398500506
0.398526954
0.398555443
0.398491522
0.398469427
0.398516348
0.398507449
0.398523585
0.398502539
0.3985152
0.398535104
0.398515506
0.398528268
0.398516772
0.3985392
0.398542153
0.398521828
0.398542017
0.39855624
0.398547479
0.398549894
0.398541955
0.398513762
0.398553106
0.398529294
0.398554479
0.398553183
0.398546706
0.398553066
0.398551991
0.398520038
0.398564207
0.398593297
0.398558843
0.398558376
0.398549196
0.398556242
0.398578293
0.398541694
0.398569049
0.398541817
0.398571871
0.398556407
0.398585894
0.398591079
0.398576275
0.398588868
0.398583493
0.398535731
0.39860651
0.398562727
0.398567497
0.398534542
0.398595764
0.398597439
0.398591011
0.398577295
0.398578606
0.398608099
0.398599061
0.398599299
0.398593184
0.398636237
0.398616567
0.39861126
0.398596823
0.398607612
0.398605077
0.398597995
0.398589273
0.398602699
0.398628069
0.398646765
0.398616828
0.398595791
0.398647467
0.398618975
0.398608992
0.398609817
0.398638774
0.398638608
0.398632658
0.398634902
0.398628422
0.398653602
0.398643975
0.39864248
0.398629583
0.398627552
0.398622707
0.398639737
0.398618698
0.398649459
0.398630943
0.398632757
0.398628104
0.398630901
0.398651697
0.398650788
0.398633207
0.398681617
0.398646513
0.398639483
0.398662905
0.398679003
0.398658172
0.39864499
0.398671666
0.398658883
0.398659958
0.39864752
0.398683829
0.398662532
0.398665396
0.39866401
0.398667245
0.398658065
0.398676339
0.398674937
0.398667785
0.398673128
0.398664685
0.398651319
0.398700268
0.398693127
0.398679317
0.398673307
0.398699162
0.398703717
0.398689397
0.398698064
0.39871829
0.398657116
0.398679925
0.398705949
0.398685321
0.398718898
0.398695368
0.398692871
0.398692801
0.398675708
0.398683755
0.398677391
0.398680718
0.398717
0.398667847
0.398708021
0.398700175
0.398709394
0.398687558
0.398684112
0.398677721
0.398687592
0.398709005
0.398704986
0.398768009
0.398717878
0.398704663
0.398719281
0.398737768
0.398740202
0.398735395
0.398734504
0.398717946
0.398724584
0.398734421
0.398741971
0.398745409
0.398735105
0.398754282
0.398714644
0.398744456
0.398743725
0.398738218
0.398740878
0.398709658
0.398720572
0.398737985
0.398746493
0.398731728
0.398708765
0.398735443
0.398714831
0.398727911
0.39871827
0.398749299
0.398740929
0.398736124
0.398763595
0.398783578
0.398784809
0.398749211
0.398766511
0.398764575
0.398732817
0.398734025
0.398769593
0.398780935
0.39874953
0.398756585
0.398775294
0.398757191
0.398761344
0.398744842
0.398779215
0.398777155
0.398759972
0.398802305
0.398775596
0.398764555
0.398765437
0.398767013
0.398772455
0.398761091
0.398776415
0.398780156
0.398765293
0.398782301
0.398773764
0.398799611
0.398777829
0.398786696
0.398764413
0.398743463
0.398782881
0.398785785
0.398790706
0.398800916
0.398785412
0.398803927
0.398794429
0.398801278
0.398796816
0.398809925
0.3987904
0.398797653
0.39878071
0.398797688
0.398748757
0.398821373
0.398804381
0.398791783
0.398822757
0.398813796
0.398823844
0.398824329
0.398812176
0.398802808
0.398804012
0.398809744
0.398798147
0.398828076
0.39879439
0.398810563
0.398815507
0.398817711
0.398813618
0.39883975
0.398827818
0.398830105
0.398860488
0.398850796
0.398834316
0.398823848
0.398808735
0.398826488
0.398816218
0.398819364
0.398830344
0.398821567
0.398855552
0.398830732
0.398812761
0.398842053
0.398821323
0.398845593
0.398844642
0.39882113
0.398835307
0.398835626
0.398835527
0.398837642
0.39884556
0.398853472
0.398838874
0.398845998
0.398847604
0.398846242
0.398851345
0.398847102
0.398847675
0.398838664
0.398848262
0.398834637
0.398825382
0.398861956
0.398861173
0.398841104
0.398859724
0.398852071
0.398851138
0.39884927
0.398862935
0.398866051
0.398877039
0.398858242
0.398852351
0.398846324
0.398871082
0.398871244
0.398855262
0.398860099
0.3988536
0.39888202
0.398866408
0.398860068
0.39887795
0.39889366
0.398877884
0.398883573
0.39884667
0.398869645
0.398896402
0.398873648
0.398879445
0.398862174
0.398862705
0.398895675
0.398882498
0.398868962
0.398866262
0.398896283
0.398887841
0.398869669
0.398870096
0.398888589
0.398890899
0.398894398
0.39888543
0.398881418
0.398893265
0.398900938
0.398861606
0.398888907
0.398888946
0.398915413
0.398911544
0.398882095
0.398895632
0.39890023
0.398896685
0.398891653
0.398903516
0.398896149
0.398901105
0.398896247
0.398911157
0.398891037
0.398901631
0.39892121
0.398903122
0.398906698
0.39889923
0.398921053
0.398907485
0.398914076
0.398931985
0.398921105
0.398899803
0.39891161
0.398916885
0.398945921
0.398908587
0.398931541
0.398931647
0.398936207
0.398951602
0.398933065
0.398930283
0.39892084
0.398944104
0.398939952
0.39892889
0.398935178
0.398931587
0.398948677
0.398926239
0.398934701
0.398967496
0.398954648
0.398943007
0.39893699
0.398914577
0.398949327
0.398944376
0.398940191
0.398940762
0.398937992
0.39893414
0.398962453
0.398955844
0.398956605
0.398928153
0.398952068
0.398960258
0.398944239
0.39893109
0.398920738
0.398958854
0.398942094
0.398937483
0.398954517
0.398956325
0.398966474
0.398952317
0.398961302
0.398976378
0.398961649
0.398956292
0.398947842
0.398985743
0.398966813
0.398984474
0.398973301
0.398978891
0.39897546
0.398978089
0.398982961
0.398954614
0.398983777
0.398970991
0.398956885
0.398964408
0.398960701
0.39896565
0.398954709
0.398978169
0.398982318
0.398978631
0.398968971
0.39896901
0.398976663
0.39896852
0.398952717
0.398992017
0.398974905
0.398980757
0.398991852
0.398973932
0.398991438
0.398977624
0.398961929
0.3989891
0.398975731
0.399005996
0.399010477
0.398992506
0.398976404
0.398982481
0.398999013
0.398990576
0.398992927
0.39901366
0.39898803
0.398985388
0.398973459
0.398998115
0.39899683
0.399006547
0.399007523
0.398998944
0.398995907
0.398988051
0.399007811
0.398983172
0.398989256
0.398990263
0.39900353
0.398981848
0.399013182
0.398993548
0.398999654
0.399000236
0.399007486
0.399006193
0.399031542
0.399013121
0.399011749
0.399008233
0.398997863
0.399013366
0.399020338
0.399029347
0.399022344
0.399009567
0.399025421
0.399039373
0.399005572
0.399032243
0.399025643
0.398999467
0.399003452
0.399018598
0.399024468
0.399016029
0.399009551
0.399019457
0.399035578
0.39900562
0.399010233
0.399008512
0.399041287
0.399014787
0.399008176
0.399018763
0.399016582
0.399012228
0.399032824
0.39901252
0.399027946
0.399047204
0.399011738
0.399011705
0.399027534
0.399026029
0.399018533
0.399040995
0.399032288
0.39903576
0.399035437
0.399053167
0.399024262
0.399037162
0.399030968
0.399033866
0.399043411
0.399049037
0.399026713
0.39903096
0.399023188
0.399036425
0.399025933
0.399044643
0.399037517
0.399048689
0.399061956
0.399035671
0.399050839
0.399050929
0.399046463
0.399040238
0.399048088
0.399059317
0.399068958
0.399028381
0.399032604
0.39904895
0.399065665
0.399048127
0.399061783
0.39904095
0.399058114
0.399057394
0.39905832
0.399055105
0.399046043
0.399051246
0.399057167
0.399039761
0.399054319
0.399049282
0.399058541
0.3990644
0.399058904
0.399044796
0.399064958
0.399066655
0.399075529
0.399087426
0.399076546
0.399061545
0.399055395
0.399080062
0.399090237
0.399074335
0.399084417
0.399090021
0.39909666
0.399085508
0.39908392
0.399084077
0.399065664
0.399098748
0.399062082
0.39909359
0.39908682
0.399081062
0.399098792
0.39908279
0.399075282
0.399072872
0.399092986
0.399093158
0.399077093
0.399083302
0.399082394
0.399078713
0.399098974
0.39909455
0.399097971
0.399109688
0.399080031
0.39906814
0.399073898
0.399100672
0.399086139
0.39910572
0.399096892
0.399078109
0.399090479
0.399102826
0.399100454
0.399107234
0.399111036
0.399096945
0.399087698
0.399109348
0.399104661
0.399087112
0.399097115
0.399096591
0.399118649
0.399123176
0.399108383
0.399110706
0.399127923
0.399094947
0.399113214
0.399097164
0.399100638
0.399103791
0.399116131
0.399105359
0.399106485
0.399105269
0.399114299
0.399101929
0.399101577
0.399105982
0.399116411
0.399122125
0.399118956
0.399094665
0.399112918
0.399111704
0.399104095
0.399111401
0.399113832
0.399107252
0.399121916
0.399122792
0.399114439
0.399120817
0.399126077
0.399114603
0.399121285
0.399110663
0.399125045
0.399110665
0.399120689
0.39912975
0.399133428
0.399121758
0.399107321
0.399110081
0.399144397
0.399108326
0.399124758
0.399138032
0.399135653
0.399111848
0.399133941
0.399146162
0.399138158
0.399140107
0.399116886
0.399122082
0.399124948
0.399127241
0.399126441
0.399136216
0.399128293
0.399131495
0.399126621
0.399115353
0.399115566
0.399122543
0.399133817
0.399132989
0.399134566
0.399139087
0.399137295
0.39914425
0.399135157
0.399134725
0.399131128
0.399130232
0.399131821
0.399143184
0.399139928
0.399128558
0.39914532
0.399152012
0.399160668
0.399157783
0.399163173
0.399136108
0.399142941
0.399156141
0.399151392
0.399146539
0.399129945
0.399143749
0.399139989
0.3991325
0.399146038
0.399153786
0.399149346
0.399126749
0.399144049
0.399158337
0.399145812
0.399142191
0.399134692
0.399133104
0.399151425
0.399151712
0.399157141
0.399169435
0.399144201
0.399169437
0.399153881
0.399149162
0.39915918
0.399150596
0.399151162
0.399143868
0.399154125
0.399171833
0.399154827
0.399140171
0.399158627
0.399157357
0.399156609
0.399178595
0.399151664
0.399173208
0.399157752
0.399169036
0.399163596
0.399168827
0.399177902
0.399142148
0.399165318
0.399179226
0.399159932
0.399137518
0.399164349
0.399162291
0.399173931
0.399168808
0.399184116
0.399157556
0.399158789
0.399167418
0.399170613
0.399182498
0.399161665
0.399180422
0.399183594
0.399185842
0.399176351
0.399162948
0.399191268
0.399207719
0.399191327
0.399164234
0.399183028
0.399194508
0.399175018
0.399187435
0.399196979
0.399196641
0.399189573
0.399195023
0.399201814
0.399190777
0.399176373
0.399198651
0.399171202
0.399185756
0.399206263
0.399203932
0.399192413
0.399215708
0.399207664
0.399186024
0.39921035
0.399190493
0.399190774
0.399201522
0.399193234
0.399193335
0.39919464
0.399197177
0.399186147
0.399194687
0.399195125
0.399199376
0.399199232
0.399197672
0.399194585
0.399186433
0.399207881
0.399207079
0.399197342
0.39920865
0.399202458
0.399195275
0.399206329
0.39920853
0.399216318
0.399204698
0.399204372
0.399210848
0.399218995
0.399207383
0.399206167
0.399205819
0.399202882
0.399204729
0.399201379
0.399204303
0.399219285
0.39920803
0.399199046
0.399204633
0.399214045
0.399213038
0.399204828
0.399200757
0.399195321
0.39918385
0.399211979
0.39921657
0.399203773
0.399224005
0.39920915
0.399208402
0.399204444
0.399215531
0.399208751
0.399204457
0.399219302
0.399223314
0.399200999
0.399206975
0.399214375
0.399206749
0.399205806
0.399228046
0.399218684
0.399239632
0.399218518
0.399207008
0.399220358
0.399225696
0.399217444
0.399209723
0.399216064
0.399222135
0.399213559
0.399226255
0.399224161
0.399225552
0.399225389
0.399223696
0.399241626
0.399230723
0.399228581
0.399229932
0.399215927
0.399235086
0.399222388
0.39922983
0.399238053
0.399223399
0.39922432
0.3992368
0.399232356
0.399238973
0.399214351
0.399239972
0.399231257
0.399224503
0.399246306
0.399250388
0.399217465
0.399232647
0.399233709
0.39923606
0.399233261
0.399244073
0.399245177
0.399224862
0.399223469
0.399230409
0.399248106
0.3992221
0.399241571
0.399231346
0.399237444
0.399231582
0.399248257
0.399242446
0.399242279
0.399245743
0.399253011
0.399255709
0.3992407
0.399255312
0.399242195
0.399238211
0.399246338
0.399231215
0.399247267
0.399238842
0.399242937
0.399222691
0.399253352
0.399227633
0.399248796
0.399245864
0.399245267
0.399246362
0.399237741
0.399264727
0.399243328
0.399257795
0.399259037
0.399247339
0.399263692
0.399240829
0.399248466
0.399244185
0.399257304
0.399257287
0.399260051
0.399239831
0.399251033
0.399254058
0.399255535
0.39923336
0.399251365
0.399239609
0.399249252
0.399276387
0.399252181
0.399262572
0.399272192
0.399260105
0.399259456
0.399266806
0.399265636
0.399242869
0.399255547
0.39927312
0.399262941
0.39925335
0.399250967
0.399256212
0.399251271
0.399256951
0.399242229
0.399265553
0.399263621
0.399267957
0.399269363
0.399247827
0.399273886
0.399278933
0.399272467
0.399274454
0.399261747
0.399268972
0.399259397
0.399275383
0.399258815
0.399278495
0.39928351
0.399281444
0.399274797
0.399284801
0.3992771
0.399275
0.399267651
0.399278634
0.399277115
0.399289676
0.399271704
0.399277629
0.399283073
0.399284836
0.399286238
0.399273001
0.399285363
0.399270641
0.399287031
0.399284503
0.399279395
0.399266618
0.399271087
0.399276341
0.399281409
0.399273561
0.399280678
0.399305071
0.399275246
0.399291782
0.399283548
0.399289813
0.39927533
0.399283227
0.399271258
0.399302249
0.399295234
0.399284459
0.399283686
0.399288455
0.399276584
0.399293779
0.39929935
0.399304089
0.399288427
0.399287791
0.399287124
0.399288317
0.39929721
0.399291792
0.39930929
0.399296009
0.399301345
0.399309387
0.399295061
0.399285298
0.399300197
0.399298803
0.399298036
0.399280541
0.399310058
0.399299573
0.399300106
0.399282416
0.399285851
0.399297866
0.399281997
0.399290906
0.399289379
0.39930271
0.399289662
0.399295387
0.399299157
0.399299385
0.399303946
0.399292634
0.39931038
0.399311656
0.399305554
0.399297155
0.399302302
0.399299258
0.399298067
0.39931526
0.399292604
0.399313563
0.399298156
0.399308399
0.399308231
0.399311851
0.399300684
0.399303318
0.399307403
0.399316685
0.399315457
0.399314649
0.399305906
0.39930249
0.399303182
0.399307902
0.399313423
0.399321118
0.399314478
0.399316149
0.39931806
0.399325949
0.39931217
0.399306628
0.399307226
0.399317155
0.399318643
0.399308455
0.399333715
0.399300535
0.399313085
0.399310956
0.399312203
0.399312851
0.399316817
0.399316784
0.399307003
0.399330198
0.399323815
0.399320513
0.399308516
0.399315594
0.399316587
0.399313356
0.399306896
0.399317505
0.399331286
0.399322772
0.399322495
0.3993193
0.399305764
0.399313126
0.399322227
0.399331141
0.399326765
0.399330056
0.399306386
0.399314241
0.399314634
0.399327141
0.399324694
0.399321748
0.399325101
0.39931765
0.399311803
0.399320675
0.399319246
0.399308983
0.399318507
0.399318231
0.399337808
0.399326664
0.399317245
0.399326558
0.399333762
0.399321838
0.399320094
0.399321823
0.399328316
0.399322513
0.399323295
0.399318574
0.399328888
0.399327119
0.399314526
0.399354116
0.39932112
0.399321674
0.399337538
0.399323935
0.399329032
0.399331412
0.399329775
0.39933176
0.399340235
0.399318035
0.399336268
0.399322444
0.399343644
0.399321481
0.39933175
0.399340441
0.399325658
0.399334624
0.399326194
0.399329067
0.399314011
0.399345695
0.399326444
0.399327511
0.399332208
0.399333715
0.399309248
0.399331522
0.399328657
0.399336403
0.399334809
0.399328942
0.399338032
0.399322717
0.399334145
0.399333803
0.399332192
0.39933863
0.399338065
0.399335442
0.399339332
0.399343428
0.39934139
0.399339469
0.399351249
0.399333565
0.399350707
0.399337697
0.399341372
0.399338046
0.399349795
0.399346222
0.399348221
0.3993393
0.399339147
0.399342087
0.399355238
0.399342045
0.399348777
0.399358774
0.399357542
0.39936192
0.399345853
0.39935352
0.399340797
0.39934473
0.399357558
0.399348962
0.399359998
0.399352483
0.399346567
0.399339908
0.399347537
0.399339076
0.399356372
0.399348422
0.399348835
0.399360626
0.399342147
0.399340015
0.399360764
0.399348717
0.399345593
0.399338614
0.399351953
0.399357281
0.399350849
0.399346145
0.399364773
0.399341939
0.399351564
0.399358116
0.399357518
0.399351061
0.39936722
0.399344716
0.399350861
0.399346025
0.399372275
0.399371058
0.399359438
0.399348513
0.399370057
0.399362602
0.399357389
0.399351946
0.399365162
0.399358623
0.399367737
0.399357913
0.3993646
0.39935921
0.399369481
0.399363006
0.399377212
0.399368392
0.399364947
0.399363776
0.399366244
0.399362509
0.399377184
0.399368355
0.399364867
0.399360129
0.399368312
0.39937585
0.39937702
0.399368487
0.399359925
0.399360521
0.399363326
0.39937341
0.399376173
0.399359259
0.399363491
0.399368288
0.399369749
0.399366693
0.399372958
0.399367543
0.3993698
0.399369927
0.399382774
0.399374952
0.399370455
0.399382628
0.399362775
0.399376885
0.399357104
0.399375742
0.399380865
0.399379083
0.399375463
0.399368203
0.399380888
0.399383011
0.399370747
0.399387913
0.399374972
0.399379161
0.399380027
0.399369524
0.399369676
0.399385302
0.399386072
0.399374826
0.399388235
0.399392747
0.399388015
0.399382055
0.399409079
0.399380231
0.399386774
0.399391217
0.399394036
0.399382573
0.399381526
0.399399859
0.39938155
0.399375381
0.399384231
0.399378175
0.399395047
0.39936684
0.399374335
0.399374283
0.399387668
0.399361747
0.399379303
0.399391871
0.399379737
0.399375399
0.399387903
0.399371507
0.399382608
0.399386774
0.399388204
0.39938408
0.399393318
0.399378068
0.399391259
0.399385805
0.399396522
0.39940381
0.399389153
0.399385415
0.399389859
0.399385911
0.399396097
0.399389012
0.39938806
0.399396238
0.399391539
0.399394653
0.399393398
0.399398368
0.39940551
0.399394677
0.399385243
0.399396586
0.399402515
0.399387435
0.399385716
0.399398469
0.399391975
0.399400434
0.399406343
0.39940293
0.399397999
0.399399443
0.399395712
0.399404729
0.39937425
0.399403679
0.39939362
0.399381483
0.399411061
0.399398871
0.399398986
0.39938866
0.399388629
0.39939097
0.399394207
0.399396794
0.399392524
0.39939807
0.399397081
0.399401716
0.399395236
0.399401291
0.39940796
0.399405741
0.399397949
0.399402826
0.399409755
0.399403678
0.39941033
0.399412137
0.399411063
0.399417116
0.399407601
0.399403179
0.399412375
0.399407037
0.399412783
0.399408735
0.399409574
0.399414025
0.39940377
0.39940836
0.399410594
0.399413687
0.399414649
0.399411729
0.399407677
0.399416188
0.399392489
0.399409609
0.399406159
0.399393131
0.399389762
0.399415723
0.39941923
0.399410174
0.399416708
0.399408722
0.39941381
0.399408371
0.399414016
0.399408561
0.399415768
0.399410431
0.39940804
0.399411715
0.399417822
0.399409165
0.399418096
0.399413985
0.399426195
0.399421432
0.399416437
0.399421544
0.399418364
0.399415333
0.399414718
0.399431776
0.399407339
0.399434596
0.399418471
0.399412228
0.399422282
0.399417323
0.39942222
0.399413513
0.399428467
0.399425095
0.399394389
0.399411044
0.399418386
0.399411376
0.399405819
0.399418793
0.399424341
0.39942047
0.399421848
0.399425599
0.399417698
0.399426156
0.399424394
0.399414219
0.399422689
0.399440198
0.39943078
0.399429472
0.399426928
0.399431238
0.399420025
0.399433287
0.399428246
0.399437848
0.399434447
0.399415254
0.399431015
0.399431047
0.399419995
0.399433171
0.399429698
0.399413817
0.399411884
0.399436127
0.399436843
0.399430368
0.399417879
0.399425135
0.399426111
0.399426064
0.39940917
0.399421635
0.399428722
0.399428139
0.399417633
0.399417009
0.399429545
0.399429379
0.399424807
0.399422295
0.399433969
0.399425005
0.399439212
0.399432157
0.399443856
0.399434642
0.399427747
0.399427436
0.39943639
0.399432856
0.399439811
0.399431814
0.399438889
0.399428287
0.399436811
0.399427674
0.399440291
0.399439305
0.399439211
0.399436943
0.399435504
0.399429495
0.399434655
0.399450639
0.399441595
0.399428746
0.399439886
0.399431954
0.399444266
0.399436924
0.399430234
0.399438059
0.399442306
0.399432891
0.399433818
0.399441336
0.399438079
0.399435819
0.399451707
0.399429571
0.399442
0.39945681
0.399441397
0.399428469
0.399448571
0.399437313
0.399428115
0.399446071
0.399450395
0.399441761
0.399439168
0.399442873
0.399433381
0.399442139
0.399440516
0.399439904
0.399442424
0.399443418
0.399442258
0.399436664
0.399438185
0.399442246
0.399444297
0.399436485
0.399446352
0.399450877
0.399437625
0.399457189
0.399450432
0.399441993
0.399440492
0.399445135
0.399452047
0.399455398
0.399446528
0.399455337
0.399449295
0.399451067
0.399454444
0.399439669
0.399447877
0.399446294
0.399450382
0.399449052
0.399444865
0.399451722
0.399450672
0.399452378
0.399446452
0.399446813
0.399459389
0.399450633
0.399454406
0.399455567
0.399462133
0.399452755
0.399455509
0.39946557
0.399467364
0.39946518
0.399455076
0.399468249
0.399463773
0.399460467
0.399458041
0.399455556
0.399476397
0.399456567
0.399470292
0.399463009
0.399458126
0.399468094
0.399463331
0.399450443
0.399448328
0.39946715
0.399470619
0.399463117
0.399454461
0.399467794
0.399455767
0.399464472
0.399458335
0.399456863
0.399460804
0.399460735
0.399468928
0.399464653
0.399465729
0.399459892
0.399463563
0.399464407
0.399452684
0.399460746
0.399455737
0.39947566
0.399458737
0.399459256
0.399459685
0.399465618
0.399463567
0.399465077
0.399456109
0.399470423
0.399473988
0.399470914
0.399468463
0.399477379
0.399469415
0.399472017
0.399467384
0.399471232
0.399462512
0.399461109
0.399458755
0.399472825
0.399460472
0.399471111
0.399472105
0.399470693
0.39946466
0.399470287
0.399462065
0.399464143
0.399466162
0.399467595
0.39947612
0.399476324
0.399477813
0.399464197
0.399469773
0.399481787
0.399487552
0.399463031
0.399468514
0.399473147
0.399476991
0.399481713
0.399483288
0.399479588
0.399477512
0.399472481
0.399485418
0.399480565
0.399467607
0.399478624
0.399483892
0.399475066
0.399476097
0.399482614
0.399478172
0.399484218
0.399477774
0.399483464
0.399488905
0.399478761
0.399482086
0.39947497
0.399481245
0.399484385
0.399474782
0.399478333
0.399487124
0.399474485
0.39947273
0.399472009
0.399476315
0.399478995
0.399483653
0.39948108
0.399479305
0.399486256
0.399478902
0.399483423
0.399480262
0.399487039
0.399473571
0.399488982
0.399484563
0.399477969
0.399497156
0.399481669
0.399481886
0.399481982
0.399474691
0.399488929
0.39948616
0.399483747
0.399505285
0.399494676
0.399476365
0.399492905
0.399494351
0.399478835
0.39950235
0.399495658
0.399487237
0.399494074
0.399493045
0.399475967
0.399491747
0.399495059
0.39948442
0.399482607
0.399485398
0.399499097
0.39949211
0.399490068
0.399485323
0.399489343
0.399486161
0.399496611
0.399490732
0.399488257
0.39948459
0.399497356
0.399484736
0.399487834
0.399480748
0.399488168
0.399489531
0.399481574
0.399491649
0.399499826
0.399488538
0.399492368
0.39948616
0.399490438
0.399482777
0.399482671
0.399485382
0.399507797
0.399498996
0.399496973
0.399491051
0.399502147
0.399491694
0.399495566
0.399499085
0.399507624
0.399492599
0.399496656
0.399503371
0.399484786
0.399493373
0.399502099
0.399493661
0.399496505
0.399498758
0.399495954
0.399492248
0.399494959
0.399492385
0.399497409
0.399505965
0.39949145
0.399503144
0.399502174
0.399498371
0.399486208
0.399500097
0.399503355
0.399499459
0.399500679
0.399509938
0.399500863
0.399505069
0.399491657
0.399493905
0.39949945
0.399502123
0.399494481
0.39950319
0.399506389
0.39950725
0.399512381
0.399501852
0.399506323
0.399509181
0.399511854
0.399501641
0.399509638
0.399505392
0.399509567
0.399495686
0.399494261
0.399504485
0.399497645
0.399514874
0.399502897
0.399510918
0.399495904
0.399501731
0.399500255
0.39950949
0.399505552
0.399504891
0.399507126
0.399514388
0.399514624
0.399506024
0.399502034
0.399511846
0.399511792
0.399508219
0.399514202
0.399515626
0.399511365
0.399505187
0.399509115
0.399507212
0.399506729
0.399515519
0.399513204
0.39952053
0.399519217
0.399505639
0.399511287
0.399509523
0.399505033
0.399505343
0.399515214
0.399505197
0.399519439
0.399508907
0.399525636
0.399507465
0.399517412
0.399515237
0.399510374
0.399505337
0.399509674
0.399530373
0.399510606
0.399502896
0.3995199
0.399510963
0.399520326
0.399524916
0.399504335
0.3995092
0.399512262
0.399515705
0.399518298
0.399517449
0.399518023
0.399509174
0.399508071
0.399512329
0.399516972
0.399518468
0.399512192
0.399505195
0.399514744
0.399516944
0.399507599
0.399524253
0.399516698
0.399515179
0.399523781
0.39952121
0.399515203
0.399529097
0.399527555
0.399527086
0.399521238
0.399520301
0.399520478
0.39951449
0.399525267
0.399520141
0.39951381
0.39951313
0.399514989
0.399518294
0.399517026
0.399524924
0.399519368
0.399515159
0.399515614
0.399524684
0.399512892
0.399512702
0.399509656
0.399511864
0.399525538
0.399510608
0.399522027
0.399519985
0.3995178
0.399529359
0.399517164
0.399515915
0.399525916
0.399530233
0.399524731
0.399525771
0.399527596
0.399520354
0.399520807
0.399516843
0.399519226
0.399521958
0.399526634
0.39953288
0.399520658
0.399529543
0.399526103
0.399518708
0.399521795
0.399519485
0.399528113
0.399525875
0.399518581
0.39952485
0.399527984
0.399531071
0.399520418
0.399531581
0.399522694
0.399522431
0.39951699
0.39953512
0.399530265
0.399532515
0.39952704
0.39952672
0.399523247
0.399524942
0.399521162
0.399523839
0.399520928
0.399535354
0.399520617
0.399530866
0.399535257
0.399527195
0.399523751
0.399526954
0.399524085
0.399522823
0.399527391
0.399529328
0.39952537
0.399525602
0.399529682
0.399534496
0.399530633
0.399540617
0.399527235
0.399533966
0.399530033
0.399537381
0.399528025
0.399527648
0.399531188
0.399526862
0.399524617
0.399520359
0.399520556
0.399534409
0.399529177
0.399528173
0.399531555
0.399519886
0.399535684
0.399534992
0.399525153
0.399526204
0.399530097
0.399525585
0.399535599
0.399535067
0.399536845
0.399535972
0.399527049
0.399542452
0.399546231
0.399531128
0.399540288
0.399527225
0.399538427
0.399542609
0.399532004
0.399537606
0.399528146
0.399538446
0.399542301
0.399531689
0.3995323
0.399535115
0.399548621
0.399529743
0.399539195
0.39953781
0.399544583
0.399537505
0.399537304
0.399545951
0.399530624
0.399534807
0.399528499
0.399522754
0.399543171
0.399542652
0.399522374
0.399533284
0.399535193
0.399551696
0.399544488
0.399540151
0.399545559
0.399540031
0.399540453
0.399545398
0.399539294
0.399543996
0.399533255
0.399544975
0.399543291
0.399533445
0.399543885
0.399539225
0.399545039
0.399543606
0.399549677
0.399538678
0.399551173
0.399543066
0.39954184
0.399542693
0.399553718
0.399537399
0.399537755
0.399542195
0.399547443
0.399546459
0.399546739
0.399544045
0.399538429
0.399546551
0.399546802
0.399544034
0.399534229
0.399549499
0.399544869
0.399541825
0.399550306
0.399543076
0.399546554
0.399545311
0.399548026
0.399545931
0.399550713
0.399534265
0.399542427
0.39954215
0.399544105
0.399543438
0.399549819
0.399546412
0.399551563
0.399554725
0.399553848
0.399544852
0.399542932
0.399546659
0.399544272
0.399549722
0.399546899
0.399548914
0.39954893
0.399549249
0.39955965
0.399546158
0.399551591
0.399550532
0.399550793
0.39955885
0.399557085
0.399542328
0.399563116
0.39955357
0.399539233
0.399546981
0.399549556
0.399552277
0.399554542
0.399535279
0.399551106
0.399562891
0.399543033
0.399555588
0.399561312
0.399549509
0.399561814
0.399542607
0.399556386
0.399549834
0.399553445
0.399554661
0.399556301
0.39955769
0.399561239
0.399558477
0.399563525
0.399556987
0.399562036
0.399569275
0.39955518
0.399553352
0.399563203
0.399567043
0.399567421
0.399564181
0.399561317
0.399562482
0.399550232
0.399558615
0.399561974
0.399560788
0.399551795
0.399552356
0.399556628
0.399550494
0.39956002
0.399547613
0.399564295
0.399568079
0.399555455
0.399551218
0.399565764
0.399561591
0.399559491
0.399554292
0.399557336
0.399557804
0.399557792
0.399559587
0.399559294
0.399550414
0.399558839
0.399546214
0.399560744
0.39955971
0.399559187
0.399561984
0.399556645
0.399558576
0.399561392
0.399561383
0.399559737
0.399569278
0.39956527
0.399561175
0.399561858
0.399560577
0.399553374
0.399564227
0.399559684
0.399558052
0.399560798
0.39956413
0.399566363
0.399564351
0.399570289
0.399566516
0.399569025
0.399566681
0.3995567
0.399566323
0.399571436
0.39956384
0.399566366
0.399565239
0.399565555
0.399568062
0.399568461
0.399565497
0.399563588
0.399570625
0.39957217
0.399564175
0.399565809
0.399565087
0.399561718
0.399568715
0.39957273
0.39957113
0.399566124
0.399563621
0.399564901
0.399576005
0.399571895
0.399565823
0.399577272
0.399569674
0.399576767
0.399570785
0.39956773
0.399572458
0.399580618
0.399572409
0.399583886
0.399565874
0.399567311
0.399571252
0.399575499
0.399572063
0.399567446
0.399581863
0.399564119
0.399570662
0.399565086
0.39957816
0.399576592
0.399568255
0.399567615
0.399569176
0.399574519
0.399579312
0.3995721
0.399566591
0.399564881
0.399569281
0.399574308
0.399572786
0.399579988
0.399576243
0.399572439
0.39958138
0.399578618
0.399570653
0.399586534
0.399586131
0.399576744
0.399578549
0.399573958
0.399572727
0.399578758
0.399582801
0.399566552
0.399569351
0.399576225
0.399582423
0.399578785
0.399580245
0.399575724
0.399577343
0.399571756
0.39957677
0.399584477
0.399568615
0.399572208
0.399586881
0.399572116
0.399578572
0.399580254
0.399585374
0.399586803
0.399573053
0.399577154
0.399569476
0.39958482
0.399577117
0.399574909
0.399580366
0.399572882
0.399587388
0.399579965
0.39958407
0.399599064
0.399588268
0.39957771
0.39957767
0.399573128
0.39958083
0.399577053
0.399588509
0.399578846
0.399576646
0.399577786
0.399580929
0.399586702
0.39958953
0.399588925
0.399579777
0.399581839
0.399581289
0.399585844
0.399573628
0.399577195
0.399578501
0.399586566
0.399592368
0.399584968
0.39959105
0.399587215
0.399586481
0.399583912
0.399590831
0.399576702
0.399584811
0.399580669
0.399579366
0.399591129
0.399577533
0.399581973
0.399589093
0.399584194
0.399580396
0.399591335
0.399586535
0.399589233
0.399591396
0.399593473
0.399589961
0.399602116
0.399581954
0.399584428
0.399589574
0.399591779
0.399588377
0.399600628
0.399585167
0.399584781
0.399590639
0.399584449
0.399586571
0.399584028
0.399585313
0.399586065
0.399591301
0.399585255
0.399585134
0.399593293
0.399590809
0.399582026
0.399586638
0.399588761
0.399573343
0.399591221
0.399581242
0.399585673
0.399587337
0.399581442
0.39958057
0.399583565
0.399589496
0.399578181
0.399592599
0.399596765
0.39959169
0.399582041
0.3995885
0.399590813
0.399594251
0.399580931
0.399587356
0.399588466
0.399587565
0.399589198
0.39959833
0.399595308
0.399593293
0.399596789
0.399588626
0.399582988
0.399591236
0.399585008
0.399596459
0.399589464
0.399589703
0.399591186
0.399592899
0.399589046
0.399592721
0.399595178
0.399594906
0.399588669
0.399602582
0.399601642
0.399590743
0.399593664
0.399596724
0.399596092
0.399592984
0.399600203
0.399593691
0.39960141
0.399596678
0.399599912
0.39959264
0.399599967
0.399598304
0.399595625
0.399601152
0.39960964
0.399597793
0.399600003
0.399601349
0.399601111
0.399602378
0.399610558
0.399604557
0.399598504
0.39959877
0.399606866
0.3996066
0.399601659
0.399610814
0.399595457
0.399600154
0.399599288
0.399595894
0.399598662
0.399596219
0.399606548
0.39960098
0.399604491
0.399602153
0.399598537
0.399600839
0.399608789
0.39959679
0.399602793
0.399610249
0.399612528
0.399606091
0.399612607
0.399605646
0.399606335
0.399600289
0.39959733
0.399602141
0.399597087
0.399600883
0.399610998
0.399605016
0.399612733
0.39960827
0.399611198
0.399603547
0.399616812
0.399596698
0.399599274
0.399609456
0.39960531
0.399611395
0.3995989
0.399607425
0.399611481
0.399617476
0.39961612
0.399610332
0.399608035
0.399614624
0.399608865
0.399607474
0.399615632
0.399600526
0.399592674
0.399606309
0.399604882
0.399608189
0.399608444
0.399593962
0.399599828
0.399605667
0.399598491
0.399607289
0.399611384
0.399610735
0.399608208
0.39961199
0.399607841
0.399611104
0.399605429
0.399616397
0.39959922
0.399605319
0.399607845
0.39960493
0.399608588
0.399609005
0.399603229
0.399615689
0.399610024
0.399604851
0.399612643
0.399611134
0.399605185
0.399608196
0.399597616
0.399611851
0.399608102
0.399607117
0.399609402
0.399610544
0.399603672
0.399611156
0.399610236
0.399616179
0.39960101
0.399617812
0.39960797
0.399612224
0.399614012
0.399612208
0.39961478
0.399608847
0.399612804
0.399606723
0.399617092
0.399615865
0.399614687
0.399613541
0.399603957
0.399610196
0.399613751
0.399617925
0.399614246
0.399608543
0.399615755
0.399611495
0.399606928
0.399605715
0.399612945
0.399613323
0.399609312
0.399624544
0.399614165
0.399612078
0.399613105
0.399611038
0.399620094
0.399619743
0.399614854
0.399615076
0.399625497
0.399617852
0.399614129
0.399613119
0.399612559
0.399619098
0.399623228
0.399625802
0.399614892
0.399610534
0.399623072
0.39961226
0.39961551
0.399613441
0.399612558
0.399617501
0.399623308
0.39961022
0.399623361
0.399617393
0.399625483
0.399607107
0.399616601
0.39961945
0.399626624
0.399611498
0.399622803
0.399618597
0.399621845
0.399620619
0.399615216
0.399620078
0.39962344
0.399618504
0.399608206
0.399617436
0.39961967
0.399620496
0.399620925
0.3996238
0.399619253
0.399618078
0.399619488
0.399625686
0.399623942
0.399620767
0.399619683
0.399621748
0.399612249
0.399620645
0.399615605
0.39961511
0.399625081
0.399609884
0.399612047
0.399617941
0.399621814
0.3996203
0.399618606
0.399626203
0.399621228
0.399618172
0.399618896
0.399632762
0.399620885
0.399640009
0.399627776
0.399634435
0.399628403
0.399626319
0.399631289
0.399629971
0.399620856
0.399631992
0.399632098
0.399632059
0.399635967
0.399637941
0.399632982
0.3996214
0.399626179
0.399629747
0.399629443
0.399623886
0.39962405
0.399628576
0.399623239
0.399627553
0.399624489
0.39962596
0.399626559
0.399628
0.399621007
0.39963382
0.399620669
0.399628984
0.399624633
0.399622396
0.399624054
0.399628785
0.399634178
0.399627875
0.399636235
0.399627244
0.399635095
0.39961498
0.399632553
0.399628335
0.399621811
0.39963167
0.399623719
0.399628789
0.399633236
0.399632738
0.399624763
0.399637853
0.399627574
0.39962464
0.399634735
0.399632399
0.399630883
0.399630113
0.399632338
0.399628966
0.39963972
0.399632065
0.399634588
0.399631151
0.399629446
0.399632394
0.39963034
0.399628756
0.39962799
0.399627527
0.399635451
0.399622411
0.399633234
0.399628943
0.399628017
0.399628126
0.399632427
0.39962865
0.399637619
0.399628508
0.399628468
0.399629986
0.399639623
0.399638911
0.399629882
0.399629046
0.399640448
0.399629989
0.399636878
0.399635718
0.399635357
0.399626745
0.399631945
0.399623592
0.399628711
0.399631079
0.399634917
0.399633555
0.399635354
0.399631492
0.399634755
0.399633391
0.399643558
0.399633211
0.399646452
0.399625266
0.39964399
0.399628398
0.399638287
0.399642494
0.399634907
0.399637766
0.39963253
0.399629222
0.399635023
0.399628933
0.399641472
0.399638428
0.399634633
0.39962889
0.399633225
0.399634178
0.399639459
0.399647673
0.399643011
0.399635988
0.399632387
0.399630645
0.399633226
0.399640798
0.399642787
0.399639729
0.399638708
0.399644644
0.399631457
0.399637166
0.399642979
0.399636161
0.399638915
0.399631811
0.399642807
0.399633731
0.399644934
0.399632926
0.3996355
0.399634198
0.399642141
0.399630773
0.399638991
0.399636645
0.399631138
0.399635676
0.39963539
0.399637316
0.399639201
0.399639135
0.399646839
0.399631782
0.399638396
0.399636755
0.399638515
0.399639809
0.399633151
0.399630731
0.399639488
0.39962898
0.399635535
0.399640112
0.399643912
0.39964457
0.399639649
0.399639332
0.399634934
0.399636272
0.39964997
0.399636804
0.39963899
0.399632805
0.399637353
0.399643624
0.39964262
0.399644674
0.399643121
0.399646309
0.399642108
0.399647887
0.399642074
0.399634217
0.399646703
0.399643346
0.39964233
0.399648922
0.399636129
0.399647071
0.399635955
0.399631226
0.399640177
0.399633992
0.399638811
0.399642422
0.399634963
0.399634817
0.399648377
0.399636397
0.399637586
0.399649721
0.399632662
0.399643926
0.399645095
0.399645904
0.399646026
0.399646175
0.399638698
0.399641118
0.399655334
0.399644321
0.399645877
0.399649543
0.399648357
0.399646821
0.399648215
0.399645508
0.399643185
0.399648194
0.399650206
0.399646282
0.39964931
0.399645944
0.399645547
0.399650728
0.399642637
0.399655309
0.399647496
0.399644995
0.399644382
0.399653616
0.399645773
0.399651653
0.399644895
0.399652042
0.399641934
0.399652919
0.399645436
0.399647055
0.399657347
0.399653441
0.399647391
0.39965156
0.399656616
0.399655722
0.399651749
0.399642212
0.399649897
0.399652924
0.399654065
0.39965544
0.399648332
0.399651426
0.399653746
0.399648991
0.399651114
0.399651654
0.399651491
0.399659752
0.399652183
0.399655474
0.399640707
0.399644964
0.399652071
0.399659221
0.399655371
0.399647829
0.399648748
0.399645314
0.399650448
0.399652095
0.39964872
0.399652451
0.399649567
0.399647965
0.399650416
0.399654672
0.399645832
0.39965526
0.399652488
0.399652251
0.399648747
0.399650544
0.399653498
0.399655095
0.39965093
0.399655594
0.39964981
0.399652235
0.399652036
0.399660329
0.399658031
0.399656472
0.399659515
0.399656448
0.399659761
0.399650856
0.399650087
0.399654306
0.39965847
0.399658769
0.399654719
0.399649216
0.399654793
0.399655892
0.399653927
0.39966015
0.399655499
0.399660988
0.399648431
0.399648712
0.399659141
0.399661332
0.399651356
0.399657102
0.399651749
0.399652324
0.399656363
0.399658198
0.39965972
0.399654838
0.399663641
0.399652488
0.399656494
0.39966357
0.399654033
0.399654635
0.399656544
0.399662692
0.399655611
0.399660291
0.399658452
0.399663043
0.399663143
0.399653382
0.399661569
0.399658868
0.399658206
0.399658056
0.399661473
0.399664
0.399657907
0.399657203
0.399660533
0.399657626
0.399656982
0.399654378
0.399659425
0.399658115
0.399658546
0.399651641
0.399660961
0.399665053
0.399649899
0.39965992
0.39965849
0.399664573
0.39966194
0.399660907
0.399664964
0.399664519
0.399661719
0.399661942
0.399666392
0.399656935
0.399664076
0.399659093
0.399659725
0.399670262
0.399664901
0.399666619
0.39966471
0.399674354
0.399662385
0.399658129
0.399664896
0.399657681
0.399666343
0.399664027
0.399663878
0.399667953
0.399660197
0.399659812
0.399667909
0.399668713
0.399670871
0.399676344
0.399673791
0.399665489
0.399661861
0.399660786
0.399661414
0.39966511
0.399662634
0.399665703
0.399668315
0.399661998
0.399663872
0.399659279
0.39965982
0.399663162
0.399665546
0.399666292
0.399667441
0.399654126
0.399657064
0.399664125
0.399672933
0.399665887
0.399674355
0.399678975
0.399673109
0.399679248
0.399665075
0.399675658
0.399668093
0.399672205
0.399683138
0.399670477
0.399667872
0.399674259
0.399674718
0.399669608
0.399670492
0.399678661
0.399658408
0.399662766
0.39967296
0.399675355
0.399669559
0.399684212
0.399687511
0.399664911
0.399675771
0.399670743
0.399676101
0.399674737
0.399676128
0.399666113
0.399683727
0.399656141
0.399685149
0.399655527
0.399694292
0.399675765
0.399681902
0.399691443
0.399656049
0.399715482
0.399637465
0.399652244
0.399689522
