0.09133469
0.093415579
0.094861203
0.096876946
0.098185603
0.100818373
0.101563951
0.104128588
0.105416045
0.107392939
0.108630319
0.110475832
0.112181187
0.114802429
0.117570112
0.116989686
0.11891617
0.122019153
0.123495075
0.12525768
0.127995373
0.128749569
0.132188167
0.134216778
0.133977907
0.138075888
0.138313359
0.140854069
0.142757439
0.144794515
0.146909135
0.146910117
0.150625478
0.153012717
0.153741023
0.156136811
0.157247072
0.160934131
0.161137615
0.164048675
0.164437996
0.167606341
0.169276285
0.173702869
0.172547598
0.17420847
0.176859759
0.179291512
0.180164722
0.182083534
0.182893315
0.185561598
0.188527366
0.19127603
0.191649646
0.19308175
0.196561146
0.199533273
0.199548939
0.20140222
0.20254714
0.205080152
0.207117002
0.208428189
0.210412101
0.213085115
0.212959333
0.217100396
0.217360803
0.218826279
0.224696906
0.224841409
0.225575457
0.227472765
0.231624395
0.228973474
0.232150653
0.236342973
0.236770779
0.240406538
0.238014395
0.241793005
0.244908435
0.247865639
0.248118318
0.249319652
0.252657968
0.25386272
0.256285885
0.258063274
0.258680579
0.262757471
0.263138152
0.26565073
0.266981148
0.268663734
0.271619833
0.273623664
0.274631152
0.275300923
0.279470736
0.282637998
0.28193122
0.285149487
0.285481025
0.287214749
0.291871816
0.291780705
0.29427095
0.297125818
0.29753352
0.299566341
0.299489642
0.304148077
0.306109217
0.308269184
0.308716367
0.311523418
0.312305406
0.316573428
0.317316156
0.318548613
0.320313839
0.322955217
0.323969651
0.325397259
0.327476374
0.330694001
0.332152355
0.335315479
0.334781274
0.336638286
0.338741022
0.339820121
0.342134517
0.345538566
0.34779203
0.347543088
0.351044324
0.35137735
0.352580378
0.355532866
0.357417231
0.359925504
0.363574489
0.364783452
0.365600854
0.366567611
0.369232235
0.372598707
0.372509565
0.375140262
0.375788934
0.37763203
0.379639799
0.383040569
0.385430236
0.387750732
0.388475168
0.390362065
0.39032071
0.392929907
0.395120982
0.395402735
0.397925277
0.401632223
0.403521179
0.406232173
0.407040981
0.40942782
0.408707274
0.412561694
0.412502168
0.417456356
0.417314431
0.421482944
0.419657984
0.424093889
0.426242754
0.426896706
0.429858375
0.430338726
0.43137352
0.434797301
0.436871307
0.439576951
0.44156546
0.442810221
0.443219509
0.44582047
0.448290671
0.449659232
0.452447705
0.453637841
0.456295206
0.459620397
0.460689488
0.461920581
0.465628443
0.467739826
0.46716431
0.468786783
0.471312077
0.471609358
0.475811647
0.47617856
0.479953495
0.483419914
0.483763897
0.484384729
0.485204038
0.488960981
0.49130796
0.490010095
0.493697977
0.496428281
0.496119607
0.501045671
0.502818267
0.503528819
0.506627668
0.507327505
0.50933356
0.509203062
0.513977666
0.51292442
0.51568874
0.518585675
0.519757935
0.521313168
0.524433069
0.527001735
0.528934216
0.529803053
0.53160598
0.534187246
0.535260445
0.538013309
0.539219984
0.540615815
0.543551744
0.546952812
0.546854591
0.548006553
0.552756369
0.551270526
0.555790513
0.555160027
0.559419758
0.561078551
0.562048394
0.562579686
0.566231221
0.570633127
0.568016963
0.571166101
0.573847894
0.576884947
0.577006807
0.578766476
0.58079012
0.583794098
0.585595561
0.588139013
0.589305869
0.591466202
0.591899597
0.593518815
0.598050388
0.597018928
0.601451297
0.601260868
0.606391319
0.604132561
0.607260245
0.609982968
0.610997804
0.612240582
0.615312874
0.617820736
0.619991058
0.620842392
0.62156158
0.624107285
0.627379041
0.62839222
0.633013706
0.632615016
0.634666349
0.635708142
0.638255609
0.638782547
0.640676232
0.645061802
0.646630768
0.647540344
0.648324178
0.648786667
0.651086095
0.654432256
0.656291269
0.657415248
0.659833103
0.661361723
0.662899471
0.663109514
0.668703223
0.672107924
0.669488125
0.674538134
0.67512257
0.67687561
0.678394043
0.682339034
0.686959024
0.683294712
0.68615566
0.687871428
0.691033992
0.68960092
0.695488377
0.694111967
0.699030775
0.699077646
0.702285312
0.702940233
0.706601109
0.706377983
0.708577162
0.711345619
0.712587021
0.713811441
0.716794386
0.716380616
0.721542275
0.722058041
0.725231262
0.725749869
0.727868584
0.728421469
0.730814415
0.733503925
0.735093669
0.737242792
0.739235838
0.743564206
0.742571786
0.746940099
0.747531665
0.749828004
0.751145472
0.75398276
0.753859166
0.754458727
0.754884647
0.761066476
0.762584637
0.765580307
0.766173458
0.765966505
0.770492083
0.773010197
0.773328625
0.775645832
0.776601938
0.780474347
0.780705458
0.78404847
0.783774523
0.785577792
0.7895057
0.791181005
0.793848552
0.796069536
0.795827422
0.798602446
0.799146071
0.802490523
0.80289593
0.806965233
0.805172966
0.807802236
0.811270958
0.81376849
0.81369007
0.815851681
0.818317021
0.819222846
0.825805919
0.825348408
0.827876223
0.829094459
0.830058187
0.833725611
0.837261169
0.835909615
0.837691648
0.842266059
0.843980854
0.845794693
0.846470536
0.849102527
0.849564918
0.851427072
0.853785927
0.854171214
0.855416077
0.858581773
0.862421895
0.865093809
0.863962296
0.864942157
0.867532069
0.872376816
0.871281837
0.874706737
0.875524596
0.876613566
0.880762891
0.882119853
0.884632923
0.883403814
0.887891407
0.889005026
0.890182502
0.892370343
0.894018338
0.898091942
0.899983276
0.899803097
0.902877047
0.903545319
0.906846385
0.908675338
0.909769593
0.910836244
0.914438487
0.915898728
0.917332919
0.916448429
0.920789187
0.923288209
0.925072577
0.927183732
0.927557009
0.929963564
0.932032808
0.93366279
0.938315997
0.938174495
0.938681917
0.942704111
0.943207687
0.944783031
0.946423941
0.950061188
0.952263304
0.952825502
0.956150309
0.955353496
0.958624901
0.961153745
0.963435612
0.963991651
0.966654438
0.969702048
0.970427433
0.973371021
0.974458255
0.976146354
0.978950154
0.98076025
0.982822112
0.983166828
0.98695642
0.987755899
0.991219884
0.992559875
0.993874221
0.993399034
0.997256489
0.999097332
1.001779913
1.000657569
1.003989516
1.006729832
1.008563111
1.011541446
1.011884289
1.015740004
1.016238017
1.018574872
1.02042904
1.021732342
1.021270903
1.02461392
1.024290085
1.029814984
1.031140572
1.033807338
1.035705967
1.037632564
1.037644053
1.040611414
1.040852981
1.043664517
1.048477313
1.049039933
1.048027156
1.051931662
1.052815491
1.053597394
1.059232874
1.060145072
1.062005154
1.06569997
1.064862916
1.067649156
1.069568734
1.070677192
1.072625202
1.072588852
1.075354333
1.079419861
1.079650576
1.083331064
1.086859843
1.084828038
1.089421853
1.08967757
1.095084966
1.094224407
1.096827375
1.097065012
1.099420811
1.100979977
1.104789017
1.105557918
1.106870016
1.10872481
1.110641338
1.114486236
1.117550807
1.11531352
1.120387504
1.122015232
1.122231714
1.127018877
1.128415187
1.129461674
1.130667386
1.131139364
1.136705999
1.135593762
1.136872574
1.138971476
1.14103057
1.141794116
1.143936046
1.147796112
1.150781222
1.151513881
1.152264952
1.154590213
1.156390685
1.157359199
1.161739219
1.162473448
1.163626446
1.168384309
1.168535146
1.169731603
1.173101045
1.173145163
1.175822089
1.177019153
1.182649752
1.183319083
1.183482788
1.185589168
1.189857234
1.190407899
1.190761366
1.192438197
1.193338153
1.195923075
1.199560689
1.200868232
1.203720937
1.202797551
1.205393041
1.20847433
1.212474841
1.211391221
1.214359092
1.215076486
1.21984234
1.219482996
1.221155916
1.224096688
1.224818399
1.227901037
1.229044663
1.231090115
1.232638875
1.230978871
1.234948961
1.239006832
1.242196819
1.240752572
1.243331638
1.243979511
1.249191883
1.24903162
1.251419236
1.254575893
1.256467665
1.25565892
1.260664412
1.261482651
1.26336612
1.265292559
1.265749971
1.268875666
1.269197977
1.270856031
1.274287809
1.277940188
1.277665692
1.279269774
1.279606059
1.282928163
1.287088145
1.28686975
1.291133407
1.294149739
1.293292245
1.295593
1.296775892
1.296815952
1.300342713
1.302060726
1.302461658
1.305466972
1.308006798
1.311682422
1.31353031
1.313915637
1.315497657
1.317738643
1.321579335
1.322183313
1.321826947
1.324990671
1.327933318
1.327162751
1.331741381
1.33248835
1.335464902
1.335814847
1.338495271
1.338823957
1.339370588
1.344149519
1.345454072
1.347955294
1.349695386
1.352585476
1.353347858
1.356884821
1.355947873
1.358771738
1.362540625
1.363485932
1.365417234
1.367322447
1.367916903
1.370288647
1.372029755
1.374786279
1.375375079
1.38039816
1.379296304
1.383023909
1.382964407
1.386225926
1.38703765
1.389499512
1.391851283
1.392058595
1.3930201
1.398873819
1.399551353
1.400233952
1.402703922
1.405004424
1.40401171
1.409902937
1.411448584
1.413209071
1.413653975
1.415560458
1.416641417
1.417650562
1.422719521
1.424613652
1.424744992
1.428261645
1.427484136
1.428925141
1.430704843
1.434595041
1.436218526
1.437317877
1.439237759
1.442422456
1.444796617
1.448367912
1.449396068
1.447893547
1.451513173
1.454079554
1.454498589
1.461111248
1.459280568
1.461711888
1.463851064
1.46530333
1.468005969
1.469780797
1.472899002
1.474399773
1.473086536
1.478876776
1.47965325
1.48213737
1.483265253
1.485068681
1.48478217
1.489140083
1.492743016
1.490516422
1.491195789
1.497526048
1.49800978
1.499497532
1.500662333
1.50223117
1.503711298
1.507874652
1.511091923
1.510715089
1.514722867
1.515384714
1.516145968
1.518660573
1.520535702
1.521093515
1.52205903
1.526992229
1.528040588
1.5302009
1.533070144
1.533085824
1.535989306
1.536379649
1.541617105
1.54428046
1.542642417
1.546617242
1.545949357
1.549245273
1.550958425
1.554550346
1.555607989
1.558939407
1.559417873
1.561112843
1.561575927
1.566584712
1.566378422
1.568144771
1.570471051
1.570661235
1.57230297
1.575848345
1.57544468
1.579163751
1.582731051
1.584407887
1.585377711
1.587195775
1.590325664
1.591782014
1.590891604
1.594895422
1.596769047
1.597907586
1.601213221
1.602805231
1.604287266
1.607293916
1.60737536
1.607782069
1.611185965
1.613178416
1.614713228
1.616778084
1.620686174
1.618887015
1.624279369
1.624446953
1.62945222
1.62801941
1.629762108
1.630641124
1.634492161
1.635365837
1.634800084
1.639113169
1.641260532
1.641357379
1.644183693
1.64744146
1.649872808
1.651267787
1.652581063
1.654376964
1.659541474
1.660641323
1.658705268
1.663281011
1.664786372
1.666881028
1.667484909
1.669438592
1.671533442
1.675255816
1.675689019
1.676764849
1.680906533
1.681217475
1.681791656
1.685561953
1.68720185
1.687171198
1.690692334
1.691096836
1.695462208
1.696451261
1.699582127
1.700624084
1.703092957
1.704473482
1.70938404
1.707652805
1.710494236
1.709018723
1.711733411
1.714999136
1.71545723
1.719735349
1.719913487
1.722881111
1.72628712
1.726190518
1.727922118
1.72960285
1.730798728
1.733160794
1.736097005
1.737634531
1.742037663
1.739991148
1.743696713
1.742753235
1.746115921
1.748190271
1.749916085
1.752345319
1.755223841
1.756322612
1.758867011
1.76116199
1.762656777
1.763969363
1.765683772
1.767783973
1.769346681
1.772462371
1.774174622
1.774106927
1.774408559
1.780321402
1.780764498
1.782799208
1.786603518
1.788737501
1.787791071
1.791627577
1.791557127
1.794039706
1.796188354
1.799499899
1.799090281
1.801647284
1.80646988
1.807263196
1.810543889
1.808504858
1.811263183
1.812982861
1.816203177
1.815887777
1.820033664
1.821157527
1.820071045
1.824084068
1.826609302
1.830501277
1.828872018
1.831372831
1.8314584
1.835565356
1.83739778
1.839817858
1.842981732
1.842937523
1.845226622
1.847313129
1.84837358
1.850483076
1.853333663
1.85582265
1.858839381
1.858341864
1.862122739
1.864392151
1.864779249
1.86564287
1.869026591
1.871012136
1.873859815
1.873362809
1.875257291
1.878552149
1.87992952
1.882542021
1.884062681
1.886246502
1.887112376
1.890383937
1.89047605
1.89183556
1.895153133
1.895869552
1.898709433
1.900310334
1.901265727
1.901868987
1.907991277
1.910348446
1.911482876
1.912764223
1.914341406
1.917702835
1.917601189
1.921698695
1.923611845
1.923320193
1.927168265
1.928829487
1.927137409
1.93166401
1.931839232
1.934953515
1.938258903
1.940770106
1.9407034
1.942764895
1.944872022
1.948802893
1.948103216
1.949483867
1.950915005
1.953545305
1.955376421
1.958700154
1.958732114
1.961052956
1.962329991
1.964134688
1.967718499
1.969829659
1.96985544
1.972406683
1.975389522
1.976813744
1.978734496
1.980138419
1.981024554
1.983524667
1.985784643
1.989098883
1.993263674
1.991570144
1.993848326
1.996347963
1.998033047
1.997461453
2.001123136
2.002266664
2.005252587
2.006750262
2.008182584
2.011852265
2.01283366
2.013878724
2.015494131
2.018348741
2.017736255
2.023200343
2.024361184
2.024510001
2.028289804
2.0304237
2.031244411
2.033802706
2.035361507
2.035214032
2.037565846
2.040787347
2.043497015
2.045685438
2.047497415
2.048705248
2.049984906
2.050954363
2.056005205
2.053892422
2.057264889
2.061666752
2.061722831
2.064011869
2.067099335
2.068460821
2.071565983
2.06881231
2.073046213
2.075864346
2.077581089
2.079877597
2.081130028
2.084220271
2.084999706
2.085786782
2.088389865
2.090027148
2.093823885
2.092806257
2.097066519
2.098586871
2.101150562
2.101983779
2.103597793
2.107045272
2.107842421
2.108503358
2.110541526
2.11315318
2.117120277
2.116744856
2.119902626
2.120700804
2.122816701
2.123816899
2.12619898
2.128271608
2.132273509
2.131546873
2.135349298
2.136244812
2.137880595
2.138596714
2.141314591
2.145351837
2.144828744
2.146558891
2.150640081
2.150735864
2.152082898
2.154582025
2.156289121
2.156526022
2.160102515
2.16331777
2.163997766
2.166478136
2.169360469
2.169761274
2.17302633
2.174353717
2.176659279
2.178182474
2.181146769
2.18045321
2.184536769
2.184983063
2.187406163
2.190629383
2.190392039
2.192021031
2.195414074
2.19774757
2.198305348
2.200616341
2.203972519
2.20495202
2.206191
2.206279949
2.211304087
2.211810287
2.213066385
2.216225068
2.21793849
2.219773266
2.22224885
2.223406837
2.226136927
2.227341544
2.231238811
2.231263444
2.235439404
2.236511344
2.236214611
2.23888004
2.241604012
2.243077554
2.244470809
2.246816225
2.249342004
2.250206922
2.252313889
2.254837844
2.255934042
2.258388096
2.260697637
2.261202245
2.26176664
2.266724243
2.267063397
2.268268986
2.27214652
2.272977363
2.27543651
2.27852526
2.278671782
2.281137475
2.282293704
2.283629729
2.28555547
2.289852628
2.29045119
2.291554959
2.295209085
2.296884816
2.297016292
2.299606276
2.301632504
2.304436694
2.304544476
2.308304966
2.309911641
2.311565402
2.313253244
2.314615984
2.316216649
2.31790102
2.319879662
2.324227021
2.324314875
2.326868545
2.325479389
2.33054601
2.333781646
2.334754636
2.335244477
2.337108025
2.339875432
2.340303089
2.343121832
2.344335184
2.346266896
2.348668789
2.350823551
2.352109286
2.355512724
2.357399119
2.35906142
2.358963196
2.361700041
2.36362805
2.366815201
2.367081019
2.368533364
2.371831924
2.373420489
2.376021987
2.377057672
2.379504196
2.38170041
2.383405114
2.384853828
2.387528259
2.388531733
2.390460732
2.393993062
2.396094521
2.395839788
2.399353605
2.400026495
2.403154072
2.403718728
2.405942597
2.408616857
2.410338536
2.412415624
2.413465986
2.41455525
2.416190575
2.419135736
2.422643806
2.424264338
2.425551564
2.427750368
2.428098998
2.430890683
2.43329901
2.435261307
2.43681614
2.43927441
2.44156385
2.441219899
2.444030827
2.445307928
2.448984991
2.447561673
2.451277047
2.454340618
2.455200912
2.458927143
2.459887651
2.460959724
2.46255439
2.466133419
2.467487628
2.468481479
2.471330376
2.472549868
2.475061969
2.478660423
2.478269692
2.480202531
2.483618389
2.484731109
2.485185326
2.485571077
2.490940749
2.491104985
2.492449081
2.49570677
2.496757741
2.499393768
2.501310584
2.50378012
2.507173163
2.505994327
2.508690797
2.510230195
2.511566194
2.515364393
2.516784844
2.518598483
2.52182479
2.520815546
2.524822437
2.526163809
2.527638005
2.530202339
2.533399898
2.533281908
2.537541361
2.538807276
2.539108933
2.541391081
2.543922481
2.544943785
2.547178583
2.5481465
2.551549965
2.553274743
2.554416298
2.555687806
2.558020107
2.55879367
2.562089552
2.563599077
2.566628801
2.567664717
2.569144715
2.572473537
2.571735483
2.575857003
2.577790507
2.580990943
2.582048305
2.58450594
2.584403079
2.587599929
2.588458224
2.590463389
2.591121403
2.595892474
2.59654083
2.59907041
2.600411155
2.601649133
2.602929462
2.60529167
2.608069441
2.608748478
2.611790696
2.613998068
2.615132354
2.617345382
2.617121083
2.61925576
2.622641115
2.625754308
2.626443549
2.628082905
2.629518362
2.633227886
2.634243484
2.636179138
2.638320974
2.641358483
2.6423473
2.644156347
2.645268918
2.648544753
2.64868554
2.650435376
2.653800991
2.654010711
2.659950364
2.660109804
2.66053073
2.664412782
2.664900136
2.667155019
2.669053558
2.671421666
2.672818663
2.67561978
2.676367601
2.680234463
2.679405491
2.681698818
2.684177527
2.686068495
2.688568088
2.689194897
2.69210442
2.693935024
2.694002337
2.697836336
2.699850613
2.701876868
2.702014553
2.70476576
2.707543624
2.707490149
2.710040027
2.71202927
2.713721006
2.716380493
2.718039408
2.72016634
2.723082432
2.725150452
2.726361416
2.72896943
2.730933626
2.73166647
2.733489565
2.73553419
2.738114147
2.737929791
2.741496784
2.742444714
2.74762583
2.745488748
2.748696115
2.749269543
2.750515162
2.755073066
2.755997756
2.757655905
2.759669823
2.763080221
2.762857128
2.76833894
2.767979615
2.770497837
2.770397524
2.775010322
2.775309114
2.777708238
2.779182135
2.780778502
2.784459222
2.783806304
2.784916481
2.787329248
2.790686318
2.791526786
2.793757658
2.796546911
2.797522096
2.799917332
2.802988379
2.802546935
2.804877121
2.806754355
2.808851293
2.809746356
2.812665093
2.813815593
2.816583259
2.817194962
2.820508342
2.822165113
2.822869033
2.825334284
2.826585362
2.828516714
2.83275557
2.83329751
2.835645133
2.836762877
2.839062049
2.840293102
2.84375144
2.84421848
2.846295787
2.848340929
2.85154995
2.853686476
2.853242435
2.8555667
2.858311388
2.860303506
2.862406981
2.864071248
2.864441795
2.867950918
2.869245808
2.872053314
2.873147489
2.875578261
2.876860366
2.879596114
2.882938349
2.884639827
2.886444111
2.887868101
2.88859942
2.891113262
2.89369575
2.894731986
2.895859419
2.898818021
2.90005128
2.902839358
2.905197633
2.906303085
2.907981053
2.909710414
2.911710256
2.913238767
2.915063664
2.915525827
2.919116268
2.920738419
2.924129426
2.923635833
2.928538853
2.927998636
2.929623492
2.930742557
2.935444547
2.937804828
2.936787851
2.93952793
2.942287679
2.942837805
2.944950351
2.948161262
2.948954542
2.952167214
2.953062079
2.955394374
2.954843939
2.958952471
2.959992515
2.963240414
2.964443131
2.966672941
2.970229884
2.969834048
2.971150791
2.975667142
2.975744615
2.978778841
2.979703304
2.983557152
2.984528182
2.985413517
2.987427284
2.989048908
2.991710307
2.993740434
2.995402819
2.997722729
2.998586381
3.001264383
3.002033908
3.004279403
3.006032679
3.007938697
3.01224395
3.012072583
3.013958427
3.016022335
3.018424915
3.020711521
3.021206612
3.022968836
3.026901733
3.028196874
3.029037171
3.032049506
3.032847675
3.034309202
3.038265297
3.038327717
3.040403365
3.0414883
3.044423743
3.044157037
3.048640325
3.049774954
3.053709011
3.053793043
3.056460878
3.058763078
3.059384548
3.062063448
3.064033242
3.065992409
3.067274138
3.068957193
3.073112758
3.074359047
3.076342097
3.078885433
3.080867283
3.081227503
3.084612919
3.084858752
3.086852195
3.091287609
3.090518426
3.093746663
3.094123281
3.095452365
3.098974997
3.100993842
3.103079708
3.105522528
3.105652802
3.108737845
3.10929166
3.109589932
3.112444739
3.114433019
3.117375585
3.118595157
3.118713589
3.121980508
3.125112391
3.126221041
3.128854621
3.130546505
3.133195566
3.134298942
3.135184284
3.138075733
3.139613842
3.143524756
3.143592552
3.146210152
3.14737893
3.148727368
3.151222156
3.156257593
3.154995422
3.157301609
3.159565124
3.161938567
3.161164854
3.166381935
3.167303308
3.170541365
3.171586578
3.172693671
3.17481974
3.175444914
3.178024328
3.179081118
3.179660651
3.183277811
3.186748838
3.188875145
3.190947406
3.191362535
3.193632145
3.196138036
3.197554564
3.199420498
3.200379918
3.20341842
3.204784566
3.207162858
3.20812681
3.210036558
3.211787418
3.214982317
3.216461854
3.217387589
3.21993683
3.223028921
3.224833127
3.228221796
3.225930028
3.231916519
3.231471243
3.231771564
3.236976596
3.236312291
3.239854327
3.239522854
3.243289489
3.244317413
3.246748903
3.249239109
3.250285992
3.2525811
3.255413355
3.255037403
3.258649216
3.261706274
3.261030102
3.263428466
3.26649596
3.268020065
3.269641955
3.272531255
3.273672399
3.275846869
3.276514005
3.278515649
3.281001933
3.283794194
3.287625453
3.286814
3.289685623
3.291130147
3.292573773
3.295325959
3.297838461
3.299447147
3.300878206
3.304056688
3.303470136
3.306982703
3.308829569
3.310325558
3.311232778
3.310979353
3.314757117
3.317757317
3.317988217
3.32402299
3.322795072
3.324479736
3.32568789
3.330845637
3.330486218
3.331194889
3.333397944
3.337806722
3.33879749
3.340161249
3.342530872
3.34469646
3.345869423
3.348048652
3.350046361
3.351601414
3.3526204
3.354633275
3.356902299
3.35914958
3.36249637
3.363938283
3.364029932
3.367251875
3.369669654
3.371152622
3.370845523
3.374251677
3.377108346
3.37996392
3.380222496
3.381183162
3.384524097
3.385324467
3.388854824
3.389606174
3.389795229
3.392708077
3.394837676
3.398085423
3.401942576
3.400715868
3.40280422
3.405525215
3.406873754
3.409407543
3.410816028
3.41228673
3.416010854
3.416473681
3.418493811
3.419809343
3.422759344
3.423233406
3.426055858
3.429210922
3.430272035
3.431883302
3.434689791
3.435003528
3.437879279
3.438619919
3.440814675
3.442104077
3.444849135
3.448118575
3.448190596
3.452452858
3.454574149
3.455649266
3.457976137
3.458243939
3.459087759
3.46187339
3.462673791
3.465256985
3.467751148
3.468610124
3.471974012
3.472749492
3.474495407
3.47757502
3.481065535
3.481999221
3.484551368
3.483635012
3.484825937
3.488084776
3.491663706
3.491368967
3.493898479
3.496512949
3.497272574
3.50131388
3.502284784
3.504399142
3.505695663
3.508217692
3.508885165
3.510218473
3.515091719
3.517145071
3.517683136
3.519028662
3.521120631
3.523191847
3.524236618
3.524723696
3.529132424
3.52968171
3.531973737
3.534784053
3.536007863
3.537031386
3.539311028
3.541644218
3.545074777
3.545870466
3.545731257
3.547947812
3.55321376
3.553288352
3.555381226
3.555600206
3.557054486
3.562185214
3.563760461
3.564652612
3.567086923
3.569143525
3.569322931
3.572010149
3.574035682
3.576619658
3.579280329
3.579252575
3.582649534
3.582239032
3.586503497
3.587204951
3.588742808
3.589814565
3.593735457
3.595528665
3.595335959
3.597953325
3.600441808
3.601559081
3.60224052
3.604862572
3.607191615
3.610166911
3.610905853
3.615322618
3.617924496
3.619051627
3.621065669
3.621162842
3.622905983
3.62609477
3.627201652
3.630433181
3.631210904
3.633381953
3.634739505
3.636672234
3.637704147
3.640242764
3.643518588
3.64412005
3.646344675
3.648500771
3.649176168
3.651893035
3.653973497
3.656232084
3.657401191
3.660316465
3.660832836
3.664235382
3.664019977
3.667015686
3.667979568
3.66943756
3.67284398
3.674968722
3.675079501
3.677507516
3.680002659
3.68287388
3.685232877
3.686884258
3.687681864
3.691288048
3.691918155
3.693168994
3.694765312
3.696545808
3.702156528
3.70097661
3.701926899
3.705398749
3.707312078
3.707626199
3.709790543
3.714179936
3.715015554
3.717528858
3.717938746
3.718982195
3.722428539
3.72187778
3.726298637
3.728468966
3.73131771
3.733000628
3.733777786
3.736275532
3.738018242
3.74027462
3.739572627
3.742299474
3.746486192
3.745953086
3.748462669
3.749956935
3.753221469
3.755129809
3.753431189
3.758105266
3.759621057
3.761925525
3.763242848
3.76685376
3.768658058
3.769353204
3.771393357
3.772871112
3.77498855
3.776883456
3.778826219
3.78171557
3.783395136
3.785814331
3.786634577
3.789426414
3.790191354
3.793755804
3.795665366
3.795765903
3.798227661
3.800815898
3.801433663
3.801326973
3.806207823
3.805586184
3.810377489
3.812271927
3.813558939
3.81498596
3.817732032
3.817895823
3.819860436
3.822990507
3.823166688
3.826944084
3.826909764
3.83164071
3.83190756
3.833960522
3.836813878
3.837476078
3.839382978
3.840932363
3.84401735
3.844548314
3.845858125
3.848217986
3.850449578
3.854398487
3.854297458
3.85551408
3.859840986
3.860149417
3.862519779
3.865987109
3.866636229
3.868439309
3.870788194
3.872014381
3.875427025
3.8764875
3.878172519
3.878479882
3.882013488
3.883464173
3.883269417
3.886547473
3.888775124
3.890950771
3.892135396
3.894449962
3.898526934
3.90032066
3.900466338
3.901794245
3.905096542
3.905929102
3.908988651
3.910003351
3.911420482
3.913980473
3.916233784
3.918551052
3.920323269
3.923133278
3.925254205
3.926203554
3.927271371
3.928310278
3.93035627
3.934040748
3.934189735
3.93749911
3.938432846
3.941646528
3.943720081
3.946155902
3.945736254
3.948186996
3.950917408
3.953901586
3.953211262
3.955523977
3.957308865
3.95925258
3.963470837
3.963387329
3.966184774
3.967780448
3.968836984
3.970928815
3.972334941
3.976925714
3.976794381
3.979435215
3.981345262
3.984645645
3.98377381
3.98534117
3.988303003
3.9899811
3.993060116
3.99422222
3.996605855
3.998286399
4.001385364
4.000038635
4.003929524
4.004935149
4.008924549
4.010340809
4.010666027
4.013939278
4.014296107
4.017065953
4.018237981
4.022038606
4.022110538
4.023903508
4.028335044
4.029096187
4.031177561
4.032382963
4.03417953
4.035347233
4.039035966
4.040442439
4.042446069
4.043844463
4.046561369
4.049315753
4.050863063
4.053576165
4.054311639
4.053255577
4.05623892
4.059722274
4.061513084
4.063817025
4.065404259
4.067113945
4.067143354
4.070550073
4.073619763
4.074109646
4.076671478
4.077219285
4.079633004
4.082256864
4.083359263
4.085556053
4.088638316
4.090468891
4.089649553
4.092498147
4.094249297
4.096375929
4.099571308
4.101201624
4.103356436
4.106099223
4.105775703
4.108729916
4.108257944
4.111249997
4.115069499
4.117212768
4.117566921
4.121454251
4.122072862
4.124731744
4.124291336
4.127790023
4.129433718
4.131755519
4.132157568
4.133742119
4.135845044
4.139061577
4.141075598
4.142139406
4.144212771
4.146063125
4.147694363
4.150312619
4.151760405
4.153280619
4.15667085
4.156787274
4.158965658
4.160533303
4.163867604
4.16462718
4.170090289
4.167832838
4.171220703
4.172071927
4.174669644
4.177294503
4.180547472
4.181470813
4.182411086
4.183660373
4.185640125
4.189482574
4.189771682
4.19075628
4.194044279
4.195192766
4.198306506
4.198896833
4.201434072
4.202869954
4.20593828
4.207071997
4.210316078
4.210899519
4.212741851
4.214187436
4.217103041
4.219596156
4.22267762
4.221565214
4.224085967
4.223523007
4.226869799
4.229227892
4.233636843
4.234380054
4.235854567
4.237503535
4.240439936
4.240656028
4.241920524
4.246502272
4.246784417
4.250163822
4.250797129
4.251461178
4.254744084
4.255936844
4.258196128
4.260607118
4.262481146
4.264943863
4.266810581
4.2667664
4.270148678
4.271442158
4.274177216
4.277236849
4.277405014
4.278146468
4.281138835
4.284221379
4.284920976
4.285844175
4.287632923
4.290429599
4.293024109
4.295896618
4.297030517
4.297604361
4.301203298
4.300724037
4.303476601
4.305326641
4.308318543
4.309273714
4.311850682
4.313295759
4.316480253
4.317824143
4.319068258
4.322404787
4.32172908
4.324365411
4.326526196
4.327927075
4.329262646
4.333908395
4.332882255
4.334785056
4.339068305
4.340586933
4.342364516
4.343077676
4.343885289
4.348429733
4.348741254
4.349934583
4.353308696
4.357034169
4.356969068
4.360217885
4.360553682
4.364070036
4.36549003
4.366755283
4.368412673
4.370138883
4.371829712
4.374113601
4.375425511
4.377587062
4.379286373
4.381955901
4.383309676
4.386398085
4.38686018
4.388109789
4.391958665
4.391850079
4.394067708
4.396055649
4.399270542
4.398983487
4.402454124
4.405857988
4.406538443
4.408154609
4.409281617
4.410141568
4.414430871
4.414379562
4.41872922
4.42178231
4.421648193
4.422395901
4.424211704
4.425417904
4.429059634
4.431637438
4.433485953
4.432138574
4.434348273
4.438229376
4.439505729
4.440766996
4.444776596
4.445992606
4.449043445
4.450055974
4.453868827
4.451845038
4.45502142
4.457264021
4.460135301
4.461673624
4.462646518
4.465617124
4.46800087
4.468989656
4.471326168
4.472326836
4.476881039
4.476219909
4.477795233
4.480614087
4.481865281
4.482628278
4.486074205
4.487097711
4.490952629
4.491220964
4.494240563
4.496074867
4.497183603
4.500115795
4.500554228
4.501731656
4.505163432
4.507439771
4.50956613
4.509660883
4.511401058
4.513403471
4.516883665
4.518073016
4.52059258
4.520037807
4.524257197
4.525358686
4.52787365
4.529560942
4.532389679
4.533826843
4.534667795
4.53710354
4.539772064
4.539487728
4.542819853
4.544374775
4.54698751
4.548225833
4.552081589
4.553051682
4.553040518
4.557073517
4.556451473
4.559028231
4.561991347
4.562743739
4.562896239
4.567894995
4.571113899
4.571051865
4.57308931
4.575184483
4.575082324
4.577061712
4.579911859
4.585524897
4.584916171
4.585130517
4.58633007
4.591451653
4.591185667
4.595504032
4.596745026
4.596688141
4.597852992
4.602223617
4.602781279
4.604111505
4.608515216
4.609792485
4.612273094
4.613720297
4.614755593
4.616238277
4.617573254
4.619505897
4.621669473
4.625420363
4.62568928
4.630286239
4.629069373
4.631498612
4.633937749
4.635579472
4.637777755
4.640584568
4.641942901
4.644164254
4.64549186
4.646888686
4.647802665
4.651441029
4.652426511
4.654853038
4.656645839
4.657825707
4.661227795
4.661886248
4.663708406
4.666875241
4.66604637
4.670092081
4.670630185
4.672588783
4.676469272
4.678478016
4.679228825
4.680782857
4.681614641
4.685143181
4.687214789
4.688320242
4.6906384
4.693302258
4.695236379
4.697032808
4.698161713
4.701362355
4.700020064
4.703837433
4.706942923
4.707969907
4.711745709
4.713254808
4.715294325
4.715358401
4.717913905
4.72029509
4.722423994
4.723914791
4.725247195
4.727227661
4.729334019
4.729255169
4.73335584
4.735010718
4.737302803
4.738582749
4.74122271
4.7424678
4.745179502
4.747995142
4.748129897
4.750995853
4.751415561
4.754792527
4.755657349
4.758311577
4.760585478
4.76346821
4.762204825
4.766110886
4.768057804
4.769268062
4.772512819
4.772520723
4.77573348
4.777034082
4.778602152
4.780256391
4.783659317
4.785179158
4.787058913
4.789113242
4.790549369
4.793382524
4.792683311
4.796117829
4.799241669
4.800566232
4.803399183
4.80470492
4.804762861
4.808506858
4.807982675
4.811679683
4.811722945
4.815567372
4.817831727
4.819192529
4.820355417
4.82331546
4.824279609
4.826076328
4.828597431
4.832149031
4.831318024
4.83474991
4.837228642
4.838807994
4.840316497
4.841816969
4.844079989
4.845349849
4.849500195
4.84905679
4.851380749
4.854770745
4.854761713
4.857413988
4.856806165
4.86176595
4.861118516
4.863538088
4.86492999
4.868307644
4.870616641
4.871728735
4.873373828
4.876619658
4.877491369
4.879717514
4.883910314
4.881773022
4.884901448
4.887712025
4.889491964
4.891624466
4.893601789
4.894986093
4.896529372
4.899748943
4.900579707
4.904529717
4.90545293
4.905941959
4.908874988
4.910470737
4.910423368
4.913246369
4.916993717
4.918595214
4.92000184
4.921740737
4.921507639
4.925374224
4.92752991
4.928805718
4.933105322
4.932954058
4.936613465
4.937631524
4.937708435
4.939437675
4.943755125
4.945080857
4.945513808
4.94907922
4.950772596
4.954272641
4.954785475
4.956333907
4.959291114
4.959596805
4.962556953
4.964651141
4.965561717
4.967388588
4.969866922
4.972636832
4.973599595
4.977755881
4.977962794
4.978598803
4.98188567
4.982589963
4.98449514
4.987376079
4.987737365
4.990799888
4.992409404
4.993689205
4.996847881
4.999400955
5.000025062
5.002449927
5.003709385
5.00677191
5.008089503
5.011368382
5.012282733
5.01289743
5.01668427
5.018578405
5.020736873
5.020162855
5.024122506
5.025951262
5.028855086
5.029204167
5.02906435
5.032172854
5.034373754
5.037725995
5.039921596
5.039864094
5.041675303
5.04489663
5.044563836
5.04806628
5.048841983
5.050621061
5.052225213
5.056093627
5.055787003
5.05997427
5.062469782
5.06289548
5.064565928
5.065181977
5.068150362
5.071082525
5.07218913
5.073724465
5.075795234
5.078192144
5.081054318
5.083526527
5.082890493
5.086060346
5.08841857
5.0911727
5.092144219
5.093088214
5.094391293
5.096442101
5.098906782
5.100494273
5.102302834
5.104216233
5.107132205
5.107277843
5.108700036
5.111092872
5.113170295
5.114681606
5.11793915
5.119486156
5.121204356
5.12482101
5.126297902
5.127417565
5.130313348
5.131820424
5.13373144
5.136614525
5.137649908
5.139036909
5.142686561
5.142923771
5.145129417
5.146585378
5.147171725
5.150272838
5.151436107
5.15448104
5.15750983
5.158589667
5.157933875
5.162297539
5.162581763
5.165188505
5.165778254
5.169832244
5.170204929
5.173826165
5.1748551
5.175332969
5.17794
5.179654005
5.183332684
5.184423424
5.186596651
5.18802581
5.18938803
5.191397205
5.193534364
5.196276166
5.199207163
5.199893859
5.200270458
5.204046545
5.204064816
5.207736381
5.209831152
5.210507057
5.212911328
5.214446919
5.218221826
5.218404309
5.220438648
5.22259695
5.225855177
5.22610547
5.229094489
5.230715187
5.231744064
5.235688908
5.235020284
5.236379395
5.240821657
5.240724916
5.243281377
5.246584358
5.246482645
5.2493352
5.251239536
5.253519648
5.256253677
5.258927594
5.258571397
5.260570815
5.262264717
5.26460546
5.266042044
5.268275835
5.271743733
5.272615799
5.274441606
5.275204115
5.277713197
5.278574275
5.281901437
5.281445389
5.284600029
5.286584186
5.290026008
5.291993765
5.293029725
5.294508976
5.295606709
5.299725388
5.301675417
5.300559318
5.303561136
5.306134897
5.309257639
5.308957992
5.312817874
5.31351107
5.316267642
5.317195929
5.318449353
5.321761006
5.323562619
5.324348124
5.328400601
5.327085975
5.33030885
5.333536916
5.333564213
5.337035253
5.338864885
5.340297157
5.343166325
5.344251009
5.345497493
5.347573206
5.34910973
5.351140994
5.352988565
5.355892419
5.356706496
5.359717422
5.360686412
5.362650666
5.364792416
5.366975799
5.367458103
5.370109201
5.37327083
5.373918204
5.376768238
5.378209893
5.38011257
5.381114104
5.382889918
5.387205543
5.387631616
5.38984152
5.39064905
5.393129979
5.396041984
5.397728151
5.3985364
5.401793887
5.403062595
5.406413155
5.407096748
5.407994213
5.410567541
5.412694399
5.414768565
5.416138019
5.418354397
5.421025932
5.422461272
5.425168679
5.425261813
5.427018115
5.429681631
5.432220585
5.432472448
5.435728439
5.437576785
5.440291904
5.441172898
5.443407774
5.444785652
5.446682794
5.449267152
5.451859272
5.453871961
5.453156609
5.455822572
5.459190707
5.461001915
5.463010825
5.464892706
5.465130703
5.467189947
5.469053354
5.470579925
5.473596777
5.477442851
5.475999273
5.479339228
5.483549517
5.481177622
5.484964817
5.486772823
5.487939383
5.489804605
5.492892877
5.494144907
5.49576945
5.497746719
5.498468022
5.501988734
5.504454827
5.505649915
5.508305413
5.510128037
5.511371877
5.513647447
5.514447125
5.517633927
5.517512011
5.520773114
5.521836385
5.525844348
5.52563436
5.528817105
5.528967653
5.531210017
5.535224999
5.53663958
5.537582754
5.53970579
5.540748924
5.543195791
5.544641879
5.547169478
5.548810354
5.552014975
5.55185108
5.554990194
5.559401053
5.559209507
5.561823314
5.56337745
5.565230698
5.565997615
5.568827801
5.572134468
5.571204971
5.573633736
5.575523595
5.57878166
5.579892066
5.580660158
5.584035679
5.586474539
5.587954598
5.589910204
5.59126598
5.593376521
5.593944487
5.597950395
5.599500396
5.599185623
5.602114993
5.60494625
5.606426324
5.608570279
5.610905298
5.612794611
5.614214485
5.615953649
5.617424916
5.620251872
5.622460728
5.625153236
5.6259366
5.627137653
5.628652725
5.630886349
5.632926179
5.634940012
5.63742824
5.638512788
5.639685714
5.641173584
5.643539297
5.646578019
5.648625332
5.649836081
5.65263743
5.653561855
5.656089089
5.657442391
5.660031724
5.66187136
5.661833306
5.664755345
5.667835387
5.668489002
5.669735395
5.672950303
5.674636568
5.679047753
5.678288612
5.681150227
5.680493695
5.685019061
5.685347069
5.688223584
5.689670264
5.692351932
5.694881114
5.696483055
5.698036122
5.698059284
5.699566841
5.701990692
5.705590938
5.705520268
5.708731035
5.711793776
5.714132437
5.714798712
5.716776482
5.719505697
5.721516953
5.72387184
5.724822044
5.725217397
5.727912617
5.73067765
5.731934284
5.733556046
5.736232117
5.73700236
5.740918107
5.742149593
5.743638404
5.746805879
5.746373212
5.749192083
5.75059838
5.7522433
5.755845519
5.757398552
5.759003546
5.760970202
5.762410347
5.764858916
5.766055999
5.767357123
5.769653741
5.771667991
5.771610203
5.778083723
5.776879447
5.78068818
5.782265843
5.783355978
5.785575882
5.787090504
5.78898689
5.791146453
5.791861882
5.793956246
5.79634822
5.79631276
5.800323138
5.801777463
5.803372136
5.807543232
5.808183659
5.811773698
5.810588798
5.814074998
5.815516067
5.81606252
5.817202696
5.821203827
5.822910215
5.823149867
5.827317328
5.82824111
5.829961347
5.830601963
5.835081319
5.835674153
5.838200211
5.839559652
5.843195176
5.844175606
5.846204428
5.849358841
5.85011773
5.849946207
5.854533875
5.857132098
5.857382049
5.859601817
5.86089915
5.863125196
5.863557126
5.866745526
5.87084549
5.870972287
5.87087646
5.87519251
5.876677057
5.878528198
5.88008944
5.881310178
5.883696547
5.885492167
5.88765917
5.890011208
5.891831307
5.894109382
5.895880825
5.896061253
5.899665286
5.901072283
5.90249422
5.904226949
5.908728379
5.908548092
5.910160793
5.91235537
5.914501907
5.915840396
5.918160275
5.920060249
5.921683464
5.926131654
5.927397557
5.925512504
5.93014255
5.930337345
5.932835713
5.933896824
5.937287862
5.940874966
5.940667979
5.942891227
5.943932628
5.94604656
5.946431626
5.949681477
5.95418161
5.954471743
5.957088774
5.958745271
5.959507162
5.96229693
5.96439579
5.965894635
5.968485836
5.968096727
5.972499221
5.972352351
5.976937898
5.977445484
5.97931125
5.979820626
5.984514075
5.985491396
5.986369554
5.988969885
5.991180165
5.992002532
5.996470476
5.997923069
5.997670888
5.999827544
6.001470894
6.004392574
6.005487638
6.008431148
6.009133641
6.012523618
6.013454006
6.015774122
6.018472009
6.018763056
6.021087334
6.022406148
6.024409047
6.027924157
6.029578373
6.031441278
6.032067055
6.035990388
6.035264124
6.039152153
6.03966479
6.04202526
6.042830243
6.044804089
6.047775554
6.048334855
6.051552629
6.05347374
6.054959044
6.056650995
6.057665521
6.062541863
6.062306509
6.06465466
6.067879839
6.068616306
6.070648277
6.073327724
6.074347691
6.075617985
6.07850444
6.081369775
6.084505549
6.084257419
6.084359315
6.088196309
6.086933054
6.090380768
6.093164568
6.094568282
6.096759276
6.09962371
6.099419021
6.101892563
6.105159363
6.10751453
6.109641591
6.110780282
6.112352685
6.113402377
6.118492978
6.118707463
6.120734594
6.121314516
6.126271047
6.12620314
6.127180359
6.129542985
6.130929404
6.132191094
6.13564755
6.136771114
6.137501758
6.140573714
6.144656349
6.146683717
6.147433036
6.149118986
6.151334182
6.153119996
6.154239388
6.156186002
6.15742389
6.159306967
6.161645413
6.16549259
6.166213344
6.169294826
6.171390608
6.172102874
6.174407213
6.176080155
6.177177089
6.179925021
6.180566001
6.181721109
6.185093711
6.187050189
6.189930595
6.18937821
6.19172307
6.194410084
6.196666482
6.198085355
6.199776831
6.203229377
6.20395167
6.205574986
6.207286469
6.210750493
6.212523977
6.213572218
6.215471794
6.216870816
6.220854609
6.221699124
6.222993863
6.224244668
6.22755794
6.228178903
6.231003135
6.233613649
6.232681762
6.236658446
6.238713831
6.239294511
6.242165513
6.244944511
6.246349097
6.248124504
6.249372171
6.251143236
6.253548161
6.254493513
6.257548407
6.258877558
6.261474041
6.262815236
6.26501192
6.267566499
6.268126712
6.27088091
6.272079415
6.275844432
6.2759967
6.278425433
6.280508374
6.281691465
6.282697985
6.287394983
6.287964659
6.290880504
6.29295065
6.295745254
6.295783533
6.29641388
6.299211367
6.300074236
6.303986228
6.304573795
6.30716987
6.309947096
6.312200828
6.312877267
6.313638157
6.316808479
6.320544793
6.321794301
6.322207099
6.323444315
6.325485915
6.328582064
6.331240963
6.330809589
6.334879787
6.336387954
6.337069296
6.338956531
6.341723627
6.344019253
6.344238579
6.346181761
6.350272711
6.352822187
6.352569518
6.35383176
6.355915266
6.356981658
6.360496701
6.362095035
6.363700281
6.366537745
6.368459997
6.370638849
6.372516303
6.374316253
6.376633236
6.378667258
6.378884926
6.381078218
6.386114787
6.384049064
6.386433763
6.390671418
6.389597797
6.392815482
6.394749113
6.396497662
6.397466511
6.401559991
6.403239785
6.405864128
6.407852409
6.409278964
6.409893787
6.412168464
6.413734542
6.415098783
6.418004213
6.41834691
6.421922981
6.423852527
6.424692754
6.428333355
6.430142905
6.431409686
6.43301626
6.434301238
6.436547768
6.439052014
6.440345167
6.442494707
6.44498899
6.447136773
6.447562272
6.45015848
6.451569766
6.45471741
6.456653942
6.458972142
6.458898825
6.46177367
6.462852091
6.463264909
6.46606516
6.468844045
6.469721025
6.472719695
6.474601199
6.476351794
6.479632736
6.479408141
6.481941192
6.484538489
6.48801189
6.487297787
6.491287248
6.492897123
6.493022549
6.496717877
6.49602054
6.49842584
6.50037036
6.503674008
6.504781792
6.508599658
6.508494758
6.510593576
6.512848297
6.513276503
6.518976633
6.517704819
6.520990802
6.520913096
6.52435505
6.524770935
6.52861877
6.529094679
6.532716646
6.532957942
6.534503447
6.538066828
6.540054647
6.54042784
6.543229993
6.543618784
6.547133817
6.549047949
6.551618763
6.553217629
6.55307908
6.556982194
6.559230453
6.559971989
6.562588653
6.562876942
6.566569705
6.567228009
6.569918513
6.572248474
6.574223674
6.573125531
6.576695997
6.578928601
6.579915791
6.584791292
6.584308099
6.587508158
6.588625687
6.590120879
6.591877652
6.59415005
6.595954741
6.598677943
6.598055679
6.601336732
6.603908989
6.604632212
6.610029896
6.610165063
6.611744809
6.612962459
6.613625956
6.617110284
6.618332739
6.619136787
6.622786878
6.625162057
6.626611724
6.630767258
6.630327208
6.632185126
6.633470132
6.636646184
6.636935966
6.639273446
6.643503767
6.643214949
6.645721831
6.649072011
6.648043121
6.653294338
6.652459936
6.655174364
6.657648766
6.659254987
6.661125112
6.663639387
6.662511496
6.664394542
6.66813008
6.670431722
6.67348487
6.672020648
6.676552904
6.677131594
6.679227965
6.681984123
6.684461211
6.686246977
6.686200844
6.68873961
6.691392167
6.692456731
6.69539805
6.696590504
6.697708873
6.70172247
6.704597892
6.704565197
6.706236395
6.708332938
6.709429274
6.712553826
6.714837994
6.717101003
6.717595358
6.719011008
6.720571886
6.726107025
6.72699029
6.728731542
6.729487763
6.73221879
6.733483699
6.734589871
6.737583192
6.737961661
6.741327765
6.743404125
6.744863093
6.747958785
6.748169753
6.749950895
6.751675568
6.751895131
6.756033345
6.756116355
6.759442735
6.762259779
6.763656459
6.766037247
6.766882645
6.768177519
6.772669671
6.771887006
6.77438525
6.777013817
6.778049971
6.781003878
6.782249809
6.785074024
6.785275549
6.788994238
6.790592046
6.792806142
6.79280451
6.795837712
6.797218422
6.798759357
6.80120515
6.804843163
6.804877951
6.807189226
6.808072598
6.811103184
6.812863607
6.814172522
6.817370052
6.818645596
6.820041233
6.821862329
6.824675886
6.826695435
6.827678709
6.828714275
6.83069944
6.833013753
6.834430279
6.839836293
6.838944911
6.842687312
6.843928836
6.846536698
6.847903277
6.850060182
6.852254119
6.853196485
6.855993547
6.856719601
6.858716497
6.861314962
6.862378041
6.864315166
6.865594535
6.868582417
6.869896397
6.871216206
6.875688152
6.87533236
6.87790218
6.878535615
6.881991975
6.884142707
6.886650947
6.886821012
6.889945249
6.890439458
6.893957897
6.89364802
6.897642393
6.898538603
6.899847819
6.904396587
6.904351048
6.906077183
6.909347168
6.909970802
6.912034167
6.912737308
6.915159834
6.917603517
6.918463389
6.922942281
6.925990402
6.926187432
6.929084718
6.929093127
6.931108151
6.934717734
6.935963404
6.936106459
6.938895352
6.942276683
6.941329867
6.944237715
6.946086578
6.95006218
6.949797492
6.952941845
6.95300514
6.95637601
6.956933114
6.96046869
6.963989775
6.963749708
6.964771939
6.968569109
6.969004728
6.973181173
6.973261535
6.978051763
6.97762942
6.978027237
6.980946868
6.982481704
6.985416922
6.988306037
6.987451284
6.990438752
6.992364877
6.992680172
6.997070172
6.997222161
7.001035073
7.001770959
7.003216505
7.006101574
7.006889984
7.008279349
7.00913603
7.012192564
7.013963857
7.015899427
7.01960925
7.020804946
7.021533607
7.024305503
7.026254396
7.029270282
7.031069354
7.031741555
7.033229397
7.035888579
7.037517062
7.040135709
7.041891132
7.043595399
7.044923815
7.049069662
7.04842715
7.051585314
7.05206134
7.054365669
7.056758665
7.059703889
7.060996016
7.063367231
7.065736626
7.066480492
7.06879983
7.070491911
7.073408309
7.07336417
7.07691893
7.076492074
7.079042514
7.080622453
7.083544832
7.085927466
7.086474311
7.090784218
7.093476174
7.092603764
7.094733501
7.096659873
7.098252196
7.100197002
7.102594679
7.104427721
7.106461577
7.108094951
7.110190442
7.113303399
7.114222706
7.114412961
7.118885119
7.119679405
7.122473965
7.122398312
7.126559368
7.127965659
7.129632781
7.130187686
7.134836345
7.133105203
7.135273605
7.137879657
7.141331107
7.143636695
7.144882696
7.144869873
7.148533099
7.148865415
7.151590004
7.153856648
7.155370116
7.158520973
7.159394713
7.162216826
7.163056394
7.164316892
7.167378193
7.169230114
7.170889844
7.172822628
7.17467274
7.177266496
7.179102951
7.179170181
7.180815851
7.185251758
7.186033208
7.188476925
7.189834734
7.192001814
7.193451771
7.196059986
7.197558402
7.197961108
7.201303353
7.202810806
7.206077748
7.20731925
7.208134521
7.210577347
7.214918361
7.215672019
7.217058844
7.21864679
7.222404191
7.22148241
7.226187891
7.225855575
7.22841083
7.231329988
7.232178753
7.23499821
7.235847562
7.236320125
7.239348008
7.242558829
7.243282513
7.244687555
7.247799668
7.249896592
7.251574093
7.253011432
7.254886943
7.25693537
7.260402968
7.262512243
7.262291804
7.264424166
7.265573277
7.267908769
7.272038368
7.272649744
7.273403169
7.276390894
7.277029453
7.27772412
7.281461031
7.282960504
7.284154329
7.289456511
7.288024291
7.292110206
7.291389066
7.294254292
7.29546661
7.298034736
7.298994634
7.302801199
7.305746715
7.307442183
7.308307561
7.309500456
7.313536431
7.31466579
7.315425882
7.318870512
7.318648732
7.320797208
7.32515697
7.327595702
7.328381332
7.330469638
7.331850777
7.335614265
7.338473425
7.336040171
7.340303611
7.341994796
7.34337012
7.344141177
7.346865988
7.349434431
7.349631755
7.352992198
7.353123877
7.355667615
7.358793222
7.360040026
7.363097552
7.361816878
7.36677826
7.368148766
7.369604627
7.371113549
7.373914195
7.376432797
7.378215967
7.37914456
7.380615337
7.382191285
7.383644173
7.385255523
7.388730974
7.390966684
7.392757589
7.394509317
7.395461197
7.399387122
7.398825883
7.400666862
7.402328623
7.407707358
7.408445049
7.411565236
7.41186816
7.414893794
7.414974623
7.416926031
7.419573267
7.421323071
7.423882039
7.425437406
7.426525452
7.428244325
7.431005257
7.433008113
7.43444709
7.436485736
7.439253298
7.440659481
7.441247073
7.442395064
7.446434435
7.450343622
7.4497707
7.452406672
7.451862724
7.456293594
7.45805428
7.460771269
7.461541366
7.462665974
7.465812477
7.468097509
7.470130565
7.470788303
7.474192733
7.47383175
7.477262616
7.478568533
7.480056743
7.483752839
7.48525979
7.486767438
7.489702741
7.490184543
7.492465888
7.494825167
7.496433508
7.499014222
7.500504362
7.50056722
7.504342621
7.505624445
7.508696172
7.510550373
7.5111461
7.514564983
7.51703527
7.515313328
7.519294242
7.520589322
7.523728352
7.525939359
7.528469149
7.530033798
7.530576711
7.531832586
7.53668158
7.538104308
7.538901029
7.54038753
7.542971239
7.544526516
7.545795883
7.548953863
7.550693788
7.552628403
7.554159804
7.555409856
7.558426235
7.559503159
7.561953995
7.563076369
7.564079061
7.566852908
7.569316112
7.571579606
7.574282436
7.574383218
7.577795159
7.57983749
7.580366474
7.584729372
7.585758794
7.58900334
7.589667736
7.591868245
7.593321273
7.593541169
7.596416971
7.598458543
7.602949914
7.602512091
7.606221438
7.60663751
7.607387128
7.610624105
7.612577281
7.6151192
7.616528734
7.618609794
7.619535798
7.621369569
7.623615466
7.62528632
7.628105886
7.629601939
7.633459713
7.634864796
7.634541587
7.637546928
7.639971715
7.641890268
7.644742267
7.645315961
7.647884036
7.647683641
7.652744336
7.653102833
7.654974696
7.657220374
7.659751899
7.662841334
7.662738241
7.663884316
7.667844977
7.670682613
7.671241112
7.672043846
7.674544432
7.676655524
7.678082133
7.681543309
7.682551822
7.685495492
7.685943048
7.687398876
7.690673044
7.694074715
7.695299628
7.697284617
7.700016976
7.699570715
7.702172157
7.704332061
7.706210009
7.710088505
7.710883081
7.713173115
7.715421741
7.715968732
7.719623599
7.720835332
7.721379375
7.72327127
7.726767138
7.727447463
7.729487901
7.732940869
7.733239367
7.735454683
7.737562229
7.740713138
7.742179405
7.74232933
7.745282507
7.746416349
7.750736194
7.751860163
7.7538436
7.756949526
7.757919328
7.758478589
7.761406767
7.764994526
7.765407788
7.767608798
7.769652726
7.772420083
7.773938905
7.775997793
7.776722375
7.779068106
7.779826479
7.781702239
7.782043957
7.785750346
7.787652124
7.787190992
7.791727856
7.792289815
7.794872614
7.79627467
7.797970181
7.798572231
7.800785843
7.805037977
7.805728899
7.809175229
7.80947869
7.812268165
7.812908036
7.815054857
7.818795745
7.819814363
7.822388012
7.823980603
7.824857745
7.827450143
7.82889981
7.832857289
7.83282029
7.835923913
7.837861084
7.839732866
7.841482681
7.842580736
7.844745675
7.847410066
7.84838837
7.85213379
7.849378375
7.85371652
7.858649375
7.858795067
7.859232786
7.861244507
7.862259485
7.86586602
7.864771186
7.867210506
7.867717774
7.871687927
7.872252683
7.873375575
