0.016492501
0.016787879
0.016993484
0.017216663
0.017398659
0.01761398
0.017821049
0.018054469
0.018311255
0.018573879
0.018745962
0.019049031
0.019238127
0.019481798
0.019779336
0.019967943
0.02022115
0.020479618
0.020803008
0.021012723
0.021252832
0.021448471
0.021737476
0.021970437
0.022243705
0.022402867
0.022662357
0.022909647
0.023276115
0.02344943
0.023670254
0.023984948
0.024293099
0.024576887
0.024758927
0.025024421
0.025322288
0.025600059
0.025848788
0.026095198
0.026287675
0.026654391
0.026843483
0.027060754
0.027316041
0.027591689
0.027830967
0.028112152
0.028336276
0.028602767
0.028892694
0.029034825
0.029318171
0.029491017
0.029742481
0.030055111
0.030320926
0.030560987
0.030798351
0.031070612
0.031250401
0.031422109
0.031826386
0.032021115
0.032312417
0.032556801
0.032913947
0.03306386
0.033392425
0.03350597
0.033764094
0.034196231
0.034351816
0.034683576
0.034988958
0.035090236
0.035271701
0.035642336
0.035859678
0.036032074
0.036273699
0.036594753
0.036804201
0.037108126
0.03729888
0.037570353
0.03781018
0.037984759
0.038246532
0.038554934
0.038777037
0.038997547
0.039293136
0.039569827
0.039766537
0.040052245
0.040316674
0.040516337
0.040848536
0.040986194
0.041396365
0.041585483
0.041874684
0.042038873
0.042368844
0.042723571
0.042801197
0.04306018
0.043407405
0.043614252
0.04381844
0.044131724
0.044376934
0.044612238
0.04488639
0.045249012
0.045368349
0.045599569
0.045802438
0.046181032
0.046410917
0.046691313
0.046837344
0.047054973
0.047403063
0.047646325
0.047800184
0.048163313
0.048391323
0.048673645
0.048894817
0.04910073
0.049272888
0.04973939
0.049923326
0.050173474
0.050333585
0.050620464
0.05080689
0.051138023
0.051351366
0.051643098
0.051913922
0.052109705
0.052435529
0.052652565
0.052831361
0.053040145
0.053413182
0.053576176
0.053755766
0.054112279
0.054319305
0.054597014
0.054834201
0.055151406
0.055327654
0.055591953
0.055835714
0.056155319
0.056408815
0.056668173
0.056863705
0.056987229
0.057265937
0.057589036
0.057750488
0.058120211
0.058238582
0.058442937
0.05869277
0.059064407
0.059167087
0.059528408
0.059787031
0.059979784
0.060250256
0.060470928
0.060803252
0.061113961
0.061395302
0.061582713
0.061780693
0.062021269
0.062413138
0.062578637
0.062884051
0.06306835
0.063340792
0.063533465
0.063869031
0.064022671
0.064346698
0.064596859
0.064810781
0.065136451
0.065344368
0.065595764
0.065905352
0.066162595
0.066473716
0.066708042
0.066889948
0.067131124
0.067401048
0.067670904
0.067911446
0.068144034
0.068488574
0.06869707
0.068819321
0.06910794
0.069459985
0.069648586
0.069859595
0.070179125
0.070386154
0.070604901
0.070962421
0.071038287
0.071276889
0.071664044
0.071951778
0.072128674
0.072460436
0.0726852
0.072951832
0.073292367
0.073484332
0.073693524
0.0739794
0.074303325
0.074483592
0.074720384
0.07495046
0.075211363
0.075417418
0.075631738
0.075904155
0.076182825
0.076486566
0.076644712
0.076941435
0.077198207
0.077432664
0.077679389
0.077895593
0.078153337
0.078474522
0.078703362
0.078820688
0.079233185
0.079377619
0.079609057
0.079879188
0.080169098
0.080423116
0.080743978
0.080938106
0.081260353
0.081471475
0.081760846
0.082041382
0.082230182
0.082538286
0.082727383
0.083038879
0.08331181
0.083505905
0.083703663
0.084078876
0.084266885
0.084511622
0.084748285
0.085042123
0.085219876
0.085508333
0.085735431
0.086028169
0.08628153
0.086542715
0.086802625
0.086946055
0.087277644
0.087475832
0.087776239
0.088088905
0.088159125
0.088418935
0.088744107
0.08894223
0.089233596
0.089505353
0.08967307
0.08994293
0.090212398
0.090482634
0.09066746
0.090971824
0.091249898
0.091480887
0.091796951
0.091990808
0.092280018
0.092494159
0.092656388
0.093016742
0.093297167
0.093489235
0.093644075
0.094010569
0.094244919
0.094470629
0.094734273
0.095096389
0.095230291
0.095387391
0.095697214
0.095906932
0.096206552
0.09649125
0.096732814
0.096953348
0.09726128
0.097497652
0.097659729
0.097884645
0.098184884
0.098349545
0.098751727
0.098908082
0.099156242
0.099359224
0.099703498
0.099908218
0.100184282
0.100450058
0.100610715
0.100903425
0.101219267
0.101423865
0.101696543
0.101963271
0.102262905
0.102406361
0.102698414
0.10294203
0.103245043
0.103481065
0.103687677
0.104007852
0.104154416
0.104470526
0.10468148
0.105011574
0.105210061
0.105500198
0.105699071
0.106029073
0.106205184
0.106489609
0.106850183
0.107090494
0.107303588
0.107511039
0.107787927
0.108040371
0.108244764
0.108421768
0.10881342
0.108977535
0.109358062
0.109598665
0.109759133
0.109985372
0.110355553
0.110512358
0.110748248
0.111007421
0.111247112
0.111533293
0.111609661
0.112010368
0.112213248
0.112597203
0.112757723
0.113132027
0.113362659
0.113673531
0.113875524
0.114067815
0.1142666
0.114686806
0.114897123
0.115133133
0.11536545
0.115539803
0.115876658
0.116122867
0.116415455
0.116677399
0.11693627
0.117070595
0.117341173
0.117498995
0.117815387
0.118085986
0.118404235
0.118538205
0.118879058
0.119029628
0.119329558
0.119462545
0.11982241
0.120028841
0.120301063
0.120648192
0.120726526
0.121044301
0.121282877
0.12154054
0.121839581
0.122030711
0.122274389
0.122629221
0.122867431
0.123203878
0.123360219
0.123654917
0.123927291
0.124171266
0.124368358
0.124611085
0.124934352
0.125103007
0.125317769
0.125591695
0.125885978
0.12608038
0.126380715
0.126559284
0.126960325
0.127110295
0.127459427
0.127560948
0.127859396
0.128045248
0.128268516
0.128622307
0.128934981
0.129141523
0.129403417
0.129566198
0.12993433
0.130118796
0.130349041
0.130561652
0.130811669
0.131206384
0.131416899
0.131669437
0.131897678
0.132205987
0.132368813
0.132678645
0.132861135
0.133167496
0.133434421
0.133688372
0.133938951
0.134209191
0.134550076
0.134564258
0.134972501
0.135210464
0.135447002
0.135703676
0.136044147
0.136239439
0.136333203
0.136674779
0.136945448
0.137209773
0.137419864
0.13776855
0.137918708
0.138085354
0.138375917
0.138658882
0.138998531
0.139134595
0.139471359
0.139721964
0.139944361
0.140174699
0.140312447
0.140695163
0.140919536
0.141214307
0.141414332
0.141671153
0.141899311
0.142153459
0.142353796
0.142684583
0.14287698
0.143121375
0.143405499
0.143744041
0.143878202
0.144159212
0.144429156
0.144697351
0.1449362
0.145194051
0.14547292
0.145664998
0.146029802
0.14632398
0.146460594
0.14675885
0.147079151
0.147227799
0.147544025
0.147728125
0.147959414
0.148204897
0.148521592
0.148753734
0.149134886
0.149286836
0.149557009
0.149719912
0.150007778
0.150224608
0.15053067
0.150841056
0.150961389
0.151200163
0.151522154
0.151756442
0.152053171
0.152237385
0.152541872
0.152710472
0.1530906
0.153327083
0.153477563
0.153919899
0.154104088
0.154276688
0.154557224
0.154841362
0.155150205
0.155390381
0.155568433
0.155866992
0.156083824
0.156397729
0.156574664
0.156880707
0.157106807
0.157311218
0.157596265
0.157938389
0.158096462
0.158423841
0.158613311
0.158902131
0.159198395
0.159348747
0.159602787
0.159851386
0.160223975
0.160442132
0.160672425
0.161004847
0.161299527
0.161489359
0.161750118
0.162026536
0.162257253
0.1625115
0.162743861
0.162904207
0.163218678
0.163424729
0.163711381
0.163966046
0.164258325
0.164452557
0.164619279
0.16505521
0.165205768
0.165522175
0.165630394
0.165999192
0.166279567
0.166373363
0.166780051
0.166972673
0.167246975
0.167597402
0.167646301
0.167936131
0.168366748
0.168556918
0.16877331
0.169028054
0.169344287
0.169528632
0.169828705
0.170087233
0.170327937
0.17048392
0.170798608
0.171039043
0.171353154
0.171654004
0.171735891
0.172094332
0.172286971
0.172587129
0.172735641
0.173030732
0.173296254
0.173572763
0.173827132
0.17401794
0.174095875
0.174536251
0.174812822
0.175074926
0.1752796
0.175483899
0.175850332
0.175964461
0.176135574
0.176587471
0.176739694
0.177010325
0.177306847
0.177531001
0.177709121
0.178023791
0.178246159
0.178496363
0.178740958
0.178903344
0.179243658
0.179472071
0.179746449
0.179955783
0.180305546
0.180513786
0.18068784
0.180928374
0.181278883
0.181573455
0.181879862
0.182016246
0.182276548
0.182467038
0.182831133
0.182995465
0.183211831
0.183484411
0.183830919
0.184023072
0.18419338
0.184523944
0.184778313
0.185155012
0.185255313
0.185517369
0.185771924
0.185954072
0.186124769
0.186455005
0.186793652
0.186929578
0.187284423
0.18750467
0.187814987
0.187993642
0.188342197
0.18858027
0.18881468
0.18911498
0.189315539
0.189524544
0.189930361
0.190140747
0.190435029
0.190579481
0.190790113
0.191029985
0.191332644
0.191601095
0.191787279
0.192070069
0.192336124
0.192558596
0.192789159
0.1930514
0.193423985
0.19358434
0.19384855
0.194193195
0.194339649
0.19460184
0.194844061
0.195124514
0.195359511
0.195575158
0.195830285
0.196134099
0.196356976
0.196577015
0.196821623
0.197093684
0.197306222
0.19771096
0.197814232
0.197983098
0.198335936
0.198594078
0.198850359
0.199165247
0.199353221
0.199669597
0.199900489
0.200078649
0.200388818
0.200489347
0.200881606
0.201240257
0.201500474
0.201667226
0.202031316
0.20211826
0.202472025
0.202698488
0.202904635
0.203175569
0.203461697
0.203686
0.203976883
0.204365049
0.204499373
0.204695951
0.20490435
0.205132359
0.205385151
0.205761229
0.205983888
0.206256197
0.206394349
0.20678887
0.207057497
0.207271819
0.207488098
0.207670514
0.207889039
0.208243104
0.208421485
0.208752077
0.209166609
0.209281613
0.209575458
0.209719728
0.210024131
0.210234435
0.210492506
0.210805232
0.211151859
0.211282279
0.21152222
0.211840947
0.212142263
0.212265505
0.212489779
0.212790438
0.212970488
0.213311242
0.213589612
0.213839956
0.214008146
0.214320704
0.214581056
0.21472536
0.215048021
0.215328198
0.215472602
0.215748866
0.216085532
0.21626984
0.216488223
0.216770459
0.216989016
0.217395621
0.21755569
0.217758081
0.217946597
0.218274949
0.218541382
0.21866755
0.218968054
0.219272467
0.219479475
0.219731484
0.220065736
0.22026396
0.220560607
0.220785288
0.221027346
0.221227584
0.221427892
0.221712433
0.222048879
0.222229165
0.222499542
0.22271789
0.222970155
0.223184746
0.223463108
0.223685373
0.223948341
0.224234461
0.224470589
0.224680808
0.224957737
0.225275847
0.225532505
0.225808905
0.226101198
0.22623153
0.226582099
0.226848309
0.227164888
0.22735116
0.227520957
0.227897937
0.228098474
0.228272792
0.228605311
0.228747623
0.229122125
0.229288303
0.229536685
0.229839218
0.230081509
0.230383886
0.230620596
0.230794676
0.231036886
0.231337319
0.231597777
0.231744
0.232052653
0.232329002
0.232581419
0.232699697
0.232984301
0.233322408
0.233492751
0.233695365
0.233999516
0.234247914
0.234468536
0.234708908
0.234879463
0.235299673
0.235491921
0.235784375
0.236010958
0.236275158
0.23636563
0.236718006
0.236936109
0.237312784
0.237530935
0.237757469
0.238056032
0.238264435
0.23847423
0.238708929
0.238951541
0.2391677
0.239538288
0.239778788
0.239969031
0.240287364
0.240459809
0.240762362
0.240940462
0.241297189
0.241567386
0.241831948
0.242060139
0.242278893
0.242584972
0.242739396
0.243133894
0.243320146
0.243518638
0.243817024
0.244011331
0.244301835
0.244526055
0.244792615
0.245084915
0.245361395
0.245595784
0.245814048
0.246090495
0.24634891
0.246553683
0.246889909
0.247178332
0.247262159
0.247598976
0.247823309
0.248123764
0.248366051
0.248610499
0.248892981
0.249137505
0.249393926
0.249628031
0.249874446
0.250138978
0.250351729
0.250649802
0.250988496
0.251164789
0.25146099
0.251631564
0.251831814
0.252063959
0.252338568
0.252578766
0.252941291
0.253111528
0.253352018
0.2537036
0.25398298
0.254181316
0.254405689
0.25464203
0.254898512
0.255104608
0.255338925
0.255627385
0.255921924
0.25608836
0.256458856
0.256655202
0.256811366
0.257146078
0.257456266
0.25776487
0.258017286
0.25813958
0.258451855
0.258574442
0.258986957
0.25916922
0.259427405
0.259760135
0.2599924
0.260223889
0.260459304
0.260657534
0.260823691
0.261288084
0.261448644
0.261627192
0.26191554
0.26219381
0.262408138
0.26267883
0.262904957
0.263145241
0.263401643
0.263652927
0.263900453
0.26419893
0.264411301
0.264669736
0.264946251
0.265184483
0.26541692
0.265675601
0.265959697
0.26625619
0.26641863
0.266734978
0.267005391
0.26725389
0.267468125
0.267732526
0.267976947
0.268227428
0.268481697
0.268692053
0.269014505
0.26918483
0.269495338
0.269711763
0.270012191
0.270306525
0.270442784
0.270735215
0.270971509
0.271250048
0.271482558
0.271820902
0.271971164
0.272265599
0.272453907
0.272776466
0.27298319
0.27317101
0.273473658
0.273790073
0.273981306
0.274238797
0.274489181
0.274749433
0.274973852
0.275222258
0.275488675
0.275717131
0.276039675
0.276326018
0.276456191
0.276734828
0.277053174
0.277229449
0.277509969
0.277780299
0.277966688
0.278267151
0.278597508
0.278753921
0.279030374
0.279228591
0.279522984
0.279807531
0.280043901
0.280318225
0.280604675
0.280805
0.280907269
0.281168901
0.281540191
0.281834653
0.282036945
0.282297385
0.282515657
0.282824071
0.283082644
0.283352949
0.283493479
0.283747669
0.284100218
0.284340545
0.284514848
0.284799249
0.285113848
0.285310164
0.285530504
0.285886937
0.286059446
0.286421868
0.28661205
0.286904588
0.287102901
0.287333293
0.287651813
0.287836077
0.288136511
0.288407121
0.288685455
0.288931776
0.28911401
0.28938862
0.289582899
0.289893313
0.29013766
0.290402052
0.290562334
0.290959267
0.291225421
0.291439706
0.291634023
0.291926431
0.292232929
0.292411328
0.292629613
0.292939981
0.293100466
0.293488885
0.293591242
0.293933646
0.294199962
0.294424355
0.294700938
0.294997359
0.295157605
0.295403995
0.295742514
0.295974848
0.296163106
0.296417672
0.296690001
0.296948387
0.297190828
0.29737911
0.297737551
0.297982001
0.298254394
0.29851689
0.298697153
0.298991676
0.299264016
0.29946045
0.299826935
0.30000512
0.30024151
0.30048003
0.30074438
0.300952937
0.301287381
0.301445477
0.301788038
0.302134575
0.302288838
0.302483083
0.302761568
0.303011876
0.303182108
0.303536768
0.303745103
0.304035527
0.304225881
0.304546411
0.304682624
0.304953004
0.305203483
0.305491808
0.305764371
0.306110806
0.306309077
0.306590181
0.306863957
0.306984217
0.307262693
0.307480989
0.307821452
0.30812794
0.308394409
0.308638734
0.308845141
0.309215776
0.309428019
0.309654377
0.309906845
0.310207277
0.310413468
0.310648003
0.310832211
0.311164701
0.311338986
0.311607626
0.311875806
0.312182365
0.312380723
0.312689046
0.31280524
0.313127756
0.313334137
0.313610622
0.313922632
0.314161385
0.314303766
0.314664246
0.314880635
0.31507502
0.315365397
0.315683903
0.315815985
0.316080424
0.316354867
0.3165558
0.316891815
0.317104053
0.317368384
0.317570754
0.317827068
0.3180696
0.318277905
0.318536327
0.318834725
0.318997267
0.3193215
0.319561884
0.319842344
0.320104756
0.320329104
0.32063756
0.320795809
0.321170447
0.321342857
0.321651207
0.321945687
0.322146056
0.322478561
0.322684747
0.322833009
0.323101435
0.323396001
0.323622286
0.32393679
0.324185228
0.324419545
0.324671915
0.324830218
0.32513061
0.325335683
0.325709611
0.325967917
0.326150208
0.326418725
0.326693146
0.326883477
0.327109741
0.327378164
0.327662689
0.327953186
0.328255606
0.328445819
0.328692464
0.329008706
0.329219056
0.329451427
0.329731885
0.330056408
0.330210758
0.330538325
0.330819608
0.331017956
0.331256312
0.331534794
0.331697185
0.332117571
0.332210218
0.332484126
0.332832729
0.333061055
0.33324337
0.333473814
0.333784183
0.333984609
0.334236903
0.33448733
0.334737646
0.334906105
0.335270618
0.335420918
0.33574546
0.336035821
0.336274151
0.336494626
0.33686509
0.336971269
0.337219694
0.337474139
0.337733481
0.338034863
0.338287365
0.338541731
0.338964433
0.339086555
0.339397104
0.339651551
0.339855827
0.340132193
0.340344956
0.340584951
0.340817291
0.341071752
0.341338069
0.341572511
0.341862999
0.342147324
0.342429804
0.342657753
0.342846438
0.343088781
0.343307175
0.343459555
0.343790006
0.344114437
0.344302881
0.344627324
0.344859698
0.345090237
0.345378516
0.345620787
0.345859205
0.346141737
0.346406101
0.346584588
0.346896887
0.347123314
0.347393805
0.347643997
0.34789038
0.348058727
0.348393283
0.348661576
0.348966036
0.349170368
0.349416816
0.349683216
0.34984755
0.35019937
0.350426367
0.350704773
0.350828995
0.35113949
0.351354018
0.351652299
0.351980783
0.352085057
0.352379623
0.352669413
0.35289232
0.353156689
0.353409112
0.353547401
0.353933877
0.354252442
0.354498808
0.354671116
0.354981546
0.355227975
0.355372383
0.355754736
0.355985191
0.356195488
0.356455861
0.356726246
0.357058852
0.35728112
0.357445407
0.357735829
0.358010248
0.358296733
0.358409857
0.35871337
0.35898391
0.359262313
0.359504661
0.359801154
0.360029567
0.36032202
0.360500249
0.360762407
0.360927009
0.361209299
0.361319599
0.361744212
0.361986515
0.362339107
0.362583648
0.362751707
0.362955745
0.363286572
0.363581021
0.36372734
0.364083845
0.364276131
0.364438468
0.36480899
0.365069371
0.365343814
0.365510084
0.365786608
0.366064936
0.36630941
0.366547736
0.366814109
0.367010547
0.367266858
0.367485212
0.367735686
0.367976011
0.368294438
0.368558881
0.368805376
0.369067728
0.369346153
0.369478467
0.369796813
0.370085309
0.370417933
0.370644129
0.370878485
0.371103161
0.37138514
0.371643708
0.371914177
0.372122551
0.372452966
0.372565212
0.372915769
0.373119998
0.373376441
0.37363696
0.373879144
0.374103638
0.374422125
0.374630369
0.374860839
0.375179373
0.375353554
0.375591966
0.375894471
0.376108786
0.376347089
0.376595977
0.376912023
0.377096244
0.37734677
0.3776031
0.377881524
0.378051866
0.378264177
0.378518453
0.37880734
0.379073507
0.379291755
0.379584274
0.379802542
0.380091084
0.38030941
0.380529973
0.380880199
0.381004789
0.38132699
0.381533305
0.381891891
0.382090276
0.382394632
0.382629033
0.382835254
0.383031575
0.383303561
0.383564512
0.383816899
0.384095323
0.384375803
0.384622136
0.384900762
0.385122937
0.385365352
0.385651683
0.385856097
0.386128543
0.386497152
0.386711473
0.387001846
0.387188113
0.387386534
0.387662976
0.387881398
0.388187796
0.388484227
0.388666535
0.388970955
0.389227391
0.38949773
0.389625945
0.389928464
0.39015486
0.390465302
0.390675699
0.390936068
0.391175612
0.391408793
0.391697215
0.392023689
0.392138023
0.392442347
0.392752865
0.392937196
0.393211641
0.393411947
0.3936924
0.393948761
0.394189133
0.39454969
0.394718452
0.395022453
0.395242736
0.395533335
0.395765619
0.395921896
0.39630246
0.396501843
0.396785287
0.397005743
0.397256005
0.397464209
0.397710748
0.397985156
0.398231466
0.398424663
0.39877038
0.399070823
0.399269329
0.399563552
0.399781984
0.399990276
0.400305435
0.400541121
0.40073756
0.401138119
0.40130838
0.401558714
0.401705016
0.402067537
0.402343926
0.402630422
0.402832718
0.40308512
0.403327595
0.403585962
0.40386635
0.40403862
0.404258947
0.404653569
0.404912065
0.405078439
0.405330669
0.405509083
0.40585743
0.406117908
0.406320209
0.406650767
0.406935211
0.407155568
0.407335548
0.407654344
0.407864617
0.408205269
0.408457645
0.408651918
0.408998432
0.409158693
0.409457231
0.409656382
0.409859778
0.410100126
0.410376632
0.410733142
0.410971622
0.411223972
0.411482411
0.411792786
0.412062614
0.41231964
0.412487893
0.412778365
0.412986783
0.413265053
0.413519554
0.413778006
0.414002242
0.414230642
0.414487146
0.414759506
0.414995872
0.415286353
0.415456617
0.415630877
0.415975396
0.416301926
0.416482209
0.416758661
0.417001061
0.41717936
0.417501813
0.417652042
0.417984525
0.418243046
0.418397154
0.41871369
0.419014139
0.419230445
0.419506985
0.419757659
0.419999656
0.420224048
0.420446553
0.420834977
0.421051387
0.421295734
0.42146809
0.421746459
0.422017055
0.422335047
0.422577795
0.422788106
0.423086544
0.42323881
0.423555264
0.423723643
0.424068117
0.424330503
0.424574275
0.424805132
0.425099708
0.42526598
0.425462317
0.425768936
0.426005183
0.426349706
0.426600077
0.426824507
0.427186938
0.427363265
0.427635659
0.4278883
0.428143052
0.428369907
0.428617303
0.428911694
0.429148108
0.429376577
0.429628884
0.42990924
0.430075678
0.430442085
0.43057029
0.430896902
0.431115238
0.431391592
0.431618057
0.432002572
0.432250935
0.432470159
0.43269963
0.432950017
0.433032292
0.433346657
0.433647118
0.433839521
0.434109983
0.434348247
0.434633707
0.43496325
0.435203594
0.435365891
0.435692373
0.435960767
0.436321352
0.436417635
0.436737951
0.437018147
0.437282859
0.437457162
0.437625355
0.437980094
0.438190333
0.438446683
0.438685084
0.438951594
0.4392434
0.439484379
0.439696649
0.439973074
0.440293747
0.440517959
0.440714235
0.440990728
0.441183076
0.441492539
0.441641857
0.441998269
0.442302743
0.442495112
0.442705416
0.442995846
0.443230258
0.443532738
0.443777563
0.444063513
0.444183886
0.444520257
0.444792703
0.445081103
0.445327533
0.445642007
0.445875446
0.446094746
0.446325107
0.446537481
0.446821922
0.4471384
0.447408785
0.447567171
0.447813391
0.448073951
0.448268295
0.448600658
0.448826995
0.449143556
0.449335833
0.449582214
0.449816596
0.450077019
0.450305304
0.4506299
0.450874211
0.451178674
0.45141918
0.451727606
0.451941951
0.452088211
0.452426649
0.452665055
0.452887525
0.453169878
0.4534102
0.453672634
0.453834949
0.454097744
0.454355718
0.454702253
0.454896512
0.45510483
0.455409397
0.455653747
0.455968235
0.456222712
0.456378826
0.456693216
0.456925763
0.457270272
0.457476586
0.457709045
0.457843216
0.458091545
0.458370043
0.458612407
0.45891086
0.459311599
0.459437668
0.459762182
0.459934647
0.460259008
0.460391419
0.460671745
0.46098409
0.461252533
0.461426812
0.461819506
0.461957717
0.4622861
0.462510482
0.462736854
0.462933252
0.463213617
0.463451958
0.463712418
0.463984882
0.464235241
0.464479538
0.464661912
0.464968392
0.465260808
0.465499232
0.465743688
0.465889885
0.466190372
0.466464672
0.466746592
0.466997559
0.46734009
0.46754041
0.467814922
0.468083301
0.468365759
0.468538012
0.468838497
0.469106893
0.469383274
0.46956566
0.469850035
0.470058342
0.470278769
0.470571203
0.470837604
0.471062005
0.471374286
0.471608821
0.471809144
0.472123636
0.47234596
0.472562432
0.472786614
0.473079129
0.473331593
0.473537935
0.473732092
0.474032702
0.474297231
0.47451136
0.474765795
0.475052314
0.475296713
0.475647183
0.475859558
0.47606183
0.476318185
0.476644728
0.476857109
0.47705349
0.477315919
0.477649919
0.477904727
0.478157159
0.478385522
0.478715971
0.478848302
0.47914272
0.479373019
0.479715553
0.479851865
0.480138254
0.480442771
0.480661038
0.480947485
0.481083694
0.481398257
0.481710671
0.481808825
0.482149542
0.482425784
0.482590062
0.48295466
0.483127568
0.483481513
0.483781928
0.483970252
0.48428073
0.484515122
0.4847416
0.484997808
0.48520219
0.485534758
0.485784671
0.486055479
0.48625383
0.486496236
0.48677271
0.487027081
0.487257424
0.487447702
0.487732133
0.487968609
0.488308428
0.488477416
0.4888299
0.489068261
0.489320653
0.489540995
0.489825448
0.48993568
0.490328249
0.490576585
0.490768609
0.491097422
0.491323781
0.491542257
0.49180859
0.492008873
0.492187288
0.492528106
0.492742058
0.493014424
0.493248823
0.493529234
0.493827686
0.494082118
0.49436656
0.49450488
0.494840908
0.495059632
0.495274034
0.495580469
0.495808829
0.496097268
0.496349789
0.496590061
0.496776333
0.49705687
0.497257131
0.497541583
0.497805982
0.498008301
0.498282712
0.498459069
0.498793497
0.499037862
0.499272244
0.499494635
0.499759063
0.49998336
0.500307982
0.500536233
0.50073264
0.501025107
0.501287519
0.501555856
0.501754233
0.502030647
0.502254983
0.502543437
0.5027538
0.502972152
0.503268595
0.503560999
0.503777363
0.504041825
0.504295277
0.50449649
0.504831001
0.505089475
0.505321808
0.505614222
0.505822609
0.506072999
0.50632345
0.506578248
0.506850161
0.507038568
0.507326929
0.507623407
0.507889821
0.508108216
0.508380632
0.508560956
0.508811363
0.509036371
0.509308091
0.509558471
0.509852905
0.510171421
0.510335823
0.510632122
0.510882499
0.51113895
0.511353278
0.511639898
0.51185413
0.512186607
0.512364866
0.512609242
0.512857714
0.513132068
0.513352399
0.513618826
0.513865067
0.51415364
0.514307941
0.514566327
0.514950909
0.515127269
0.5153996
0.515688105
0.515974625
0.516214954
0.516412818
0.516747755
0.516890009
0.517162368
0.517400827
0.517655239
0.517959635
0.518166063
0.518418351
0.518616132
0.518901108
0.51903147
0.519411894
0.519686444
0.519824628
0.520177143
0.520433586
0.520585827
0.520874274
0.521246874
0.521383098
0.521741599
0.52187185
0.522182393
0.52239787
0.52271913
0.522867576
0.523191931
0.523406216
0.523770805
0.524027217
0.524303602
0.524560157
0.524896603
0.525054783
0.525311194
0.525501588
0.525790021
0.525996379
0.52634089
0.526521101
0.526829568
0.527007843
0.527278254
0.527506677
0.527727031
0.528057509
0.528243813
0.528606381
0.52878471
0.528985066
0.529301483
0.529569875
0.529788321
0.530044651
0.530405222
0.530557419
0.530825844
0.531008158
0.531338654
0.531601065
0.531903562
0.532150005
0.532360322
0.532656841
0.532935154
0.533129533
0.533436054
0.533614248
0.533942732
0.534149131
0.53445758
0.53467399
0.534974381
0.535244839
0.535419065
0.535687666
0.535977984
0.536232417
0.536414649
0.536658993
0.536919444
0.537228007
0.537390217
0.537654542
0.537824925
0.538217466
0.538397759
0.538595666
0.53886051
0.539144905
0.539427431
0.539565617
0.53995022
0.540144538
0.540388963
0.540633336
0.540965766
0.54122625
0.541432552
0.541688902
0.541983474
0.542209724
0.542420063
0.542666516
0.543006379
0.54317731
0.54346985
0.543704165
0.5439385
0.544182969
0.544519342
0.544743795
0.544966107
0.545202521
0.545510926
0.545669562
0.546041802
0.546272148
0.546572639
0.546764965
0.546983312
0.5472056
0.547572214
0.547800507
0.548040915
0.548287334
0.548501656
0.548810119
0.549038456
0.549286933
0.549461179
0.549739608
0.550066093
0.550272407
0.5505208
0.550819359
0.550973584
0.551201969
0.551546503
0.551716731
0.552017191
0.552267631
0.55258208
0.552722357
0.553006748
0.553261089
0.553497481
0.553814028
0.554038347
0.554278714
0.554559191
0.554827637
0.555036011
0.555376426
0.555464616
0.5558512
0.556073562
0.556368005
0.556554929
0.556790783
0.557023049
0.557363525
0.557527853
0.557804311
0.557974598
0.558336317
0.558545431
0.558779801
0.559012174
0.559394783
0.559514983
0.559817396
0.560033789
0.560300167
0.560518623
0.56083631
0.561037337
0.561335837
0.561550188
0.561824561
0.562074972
0.562293378
0.562533732
0.562842168
0.563050587
0.563254569
0.56355116
0.563877876
0.564064102
0.564304609
0.564625014
0.564813271
0.565099724
0.565354167
0.565632554
0.565882991
0.566128723
0.566329655
0.566614228
0.566934658
0.567132878
0.567433368
0.567595666
0.567844118
0.568108462
0.568369866
0.568651317
0.568885681
0.569079966
0.56947263
0.569618811
0.569859254
0.570095748
0.57045211
0.570650422
0.570939488
0.571139299
0.571341534
0.571624082
0.571854395
0.572138818
0.572445305
0.572567557
0.572785916
0.573130374
0.573394796
0.573588702
0.573853502
0.574184046
0.574400355
0.574678784
0.574905173
0.575133523
0.575343976
0.575584306
0.575952775
0.576195189
0.576442915
0.576665955
0.576958382
0.577160666
0.577445145
0.577653445
0.577859867
0.578184292
0.578354595
0.578598931
0.578877149
0.5791418
0.579346128
0.579620509
0.579842915
0.580093331
0.580425834
0.580676209
0.58086055
0.581116986
0.581423458
0.581643817
0.581890179
0.582214645
0.582442968
0.582579321
0.582895807
0.583162099
0.583422525
0.583602893
0.583843235
0.584143732
0.584494221
0.584687093
0.584912914
0.5852434
0.585475777
0.585650079
0.585920545
0.586242973
0.586461306
0.586683647
0.586974158
0.587182468
0.587374806
0.587743307
0.587976174
0.588162031
0.588396389
0.588768944
0.588979276
0.589239696
0.589394006
0.589662401
0.589994272
0.590251305
0.590481632
0.590844232
0.591056534
0.591230848
0.591523311
0.591796761
0.592058085
0.592326609
0.592572929
0.592753211
0.593041674
0.593229952
0.593444261
0.593763326
0.593995172
0.594217506
0.594507974
0.594766382
0.595040756
0.595187072
0.595525583
0.595817985
0.595984328
0.596388919
0.596655327
0.596829597
0.597106137
0.597314352
0.597564777
0.597847551
0.598077561
0.598301985
0.598538267
0.598774689
0.599099163
0.5993115
0.599555875
0.599742224
0.600138798
0.600236096
0.600551432
0.600777892
0.601104339
0.601284608
0.601519035
0.601837565
0.602053789
0.602358374
0.602556893
0.602801002
0.603009315
0.603289769
0.603538159
0.603824679
0.604055019
0.604293342
0.604451643
0.604850267
0.604996488
0.605304903
0.605497293
0.605801671
0.606016123
0.606418666
0.606590943
0.606805402
0.607130828
0.607317828
0.607536441
0.607774841
0.608075247
0.608311612
0.608572106
0.60891263
0.609068845
0.609179109
0.609523582
0.609828077
0.610112472
0.610368925
0.610625255
0.610848803
0.611136161
0.611342462
0.611628862
0.611703194
0.611993453
0.612434176
0.612741709
0.612922893
0.613155276
0.613427829
0.613676076
0.613988578
0.614150855
0.614419242
0.614657615
0.614904087
0.615222612
0.615384762
0.615713392
0.615991735
0.616240113
0.616461725
0.616750343
0.616911181
0.617183658
0.617449975
0.617584275
0.617844615
0.618167169
0.618417577
0.618617322
0.618888288
0.619172734
0.619377085
0.61964351
0.619982003
0.620134245
0.620362634
0.620677089
0.620895435
0.62115194
0.621356216
0.621642601
0.621923113
0.622171409
0.622385755
0.622674251
0.622838546
0.623146975
0.623395411
0.623635815
0.62388219
0.624146653
0.624330945
0.62468542
0.624913763
0.625194184
0.625400504
0.625658931
0.625981423
0.626205801
0.626410078
0.62669862
0.626960984
0.627183328
0.62741771
0.627698131
0.627930473
0.628134954
0.628519475
0.628843922
0.629068287
0.629298708
0.629545016
0.62972944
0.630050084
0.630296197
0.630490644
0.630802997
0.63103744
0.631287721
0.631546923
0.631824627
0.631992959
0.63235146
0.632547766
0.632792195
0.633046539
0.633208842
0.633579364
0.63381976
0.634074149
0.63435059
0.634540864
0.634829065
0.635051673
0.635382252
0.635558493
0.635726916
0.636049269
0.636295672
0.636684247
0.636882647
0.637203064
0.63737932
0.637619715
0.637858105
0.638060399
0.638322911
0.638609306
0.638841647
0.639154188
0.639372497
0.639666921
0.63986924
0.640109675
0.640303935
0.640603734
0.64093304
0.641131226
0.641377692
0.641596036
0.64185637
0.642148834
0.642377178
0.642609583
0.642841921
0.643136384
0.643410821
0.643595134
0.643897593
0.644134
0.644348305
0.644668863
0.644951268
0.645205639
0.645442022
0.64566044
0.645956887
0.646213234
0.646463638
0.646708061
0.647006473
0.647174879
0.647567463
0.647719623
0.647947974
0.64832259
0.648490788
0.648773261
0.648961583
0.649219937
0.649444279
0.649784899
0.65002322
0.650227595
0.650481986
0.650720331
0.650936694
0.651279223
0.651547583
0.651719872
0.652036444
0.652210706
0.652513127
0.652795569
0.653128122
0.65334649
0.653638217
0.653821212
0.6541096
0.654235929
0.654530316
0.654816737
0.655037441
0.65524146
0.655642052
0.655804369
0.656042697
0.656319106
0.656555467
0.656849918
0.657091521
0.657296644
0.657507075
0.657707245
0.658007755
0.658238115
0.658518678
0.65876096
0.659023326
0.659287794
0.659506169
0.659756561
0.660010966
0.660239269
0.660443633
0.66088829
0.661106697
0.661365082
0.661623659
0.661805816
0.662118246
0.66241667
0.662568913
0.66288948
0.663147873
0.663306134
0.663641862
0.663875048
0.664171433
0.664299779
0.664638169
0.664878573
0.66515699
0.665373459
0.665725889
0.665954291
0.666104513
0.666424976
0.666679374
0.666961916
0.667174215
0.667393777
0.667685018
0.667949375
0.668145699
0.668388067
0.668638593
0.669031111
0.669175325
0.669425819
0.669756263
0.670000622
0.670162914
0.670467368
0.67078787
0.67098215
0.671282668
0.671408863
0.671715372
0.671963703
0.672342264
0.672542638
0.672760991
0.672979308
0.673299861
0.67352621
0.673758524
0.673988136
0.674255319
0.674525726
0.674724009
0.675072674
0.675260916
0.67551134
0.675833816
0.675984057
0.676248463
0.676460879
0.676775279
0.677039666
0.677324126
0.677498382
0.677754803
0.677977159
0.678195674
0.678429877
0.678624272
0.678992735
0.679203064
0.67956166
0.679723906
0.679962255
0.680204701
0.680442788
0.680779545
0.680993877
0.681308386
0.681538765
0.681745123
0.68203958
0.682303953
0.682534363
0.682733753
0.683043135
0.683309553
0.683503896
0.683760245
0.683998663
0.684247032
0.684457435
0.684773881
0.685082404
0.685330698
0.685527073
0.685779469
0.686089907
0.686346247
0.686528605
0.686763018
0.687077469
0.687263848
0.68750815
0.687802605
0.688063036
0.688324766
0.688583835
0.688742172
0.6890686
0.689280953
0.689479249
0.689775775
0.690070147
0.690302558
0.690559009
0.690823393
0.691137847
0.691374274
0.691578554
0.691862959
0.69210341
0.692367776
0.692606157
0.692800549
0.693145039
0.693397433
0.693599773
0.693916219
0.694194715
0.694381012
0.694633331
0.694959848
0.695174161
0.695474662
0.695636919
0.69593738
0.696223844
0.696426162
0.696662511
0.696894924
0.697130183
0.69741569
0.697612042
0.697840392
0.698094764
0.698347216
0.698591553
0.698773887
0.699066372
0.699375405
0.69957913
0.699863604
0.700093908
0.700374354
0.700596702
0.700845177
0.701205666
0.701382048
0.701712081
0.701914822
0.702145151
0.702427627
0.702693985
0.702964448
0.70314072
0.703459192
0.703691631
0.703975144
0.704148369
0.704428736
0.704677216
0.704883459
0.705169907
0.70541833
0.705694707
0.706001191
0.706160628
0.706489998
0.706692296
0.706944698
0.707303245
0.707481498
0.707595816
0.707938275
0.708146569
0.708417079
0.708699475
0.708931836
0.7091922
0.709410544
0.70965498
0.709947435
0.710125691
0.710486303
0.710618545
0.71099534
0.711195397
0.711515862
0.711742247
0.711930536
0.712247
0.712449412
0.7127298
0.713000194
0.713212609
0.713438967
0.713729379
0.713979825
0.714198219
0.714534597
0.714664925
0.715055631
0.715273821
0.715502141
0.715744571
0.715980988
0.716287407
0.716487721
0.716786151
0.716942546
0.717307006
0.717531312
0.717811743
0.71801818
0.718284514
0.718520857
0.718701227
0.718928976
0.719268149
0.719552511
0.719812909
0.720065316
0.72027166
0.720528079
0.720856548
0.721016915
0.721285266
0.721563683
0.721790016
0.722010363
0.722326891
0.722533538
0.722813658
0.723096114
0.723304385
0.723564868
0.723857305
0.724043572
0.724330064
0.724589604
0.724902928
0.725033183
0.725369666
0.725642092
0.725810402
0.726134843
0.726449334
0.72665564
0.726882035
0.727172463
0.72743893
0.727609195
0.727911624
0.728230171
0.728414421
0.728642067
0.728879237
0.729197671
0.729468079
0.729654407
0.729944846
0.730183225
0.730415582
0.730670013
0.730886337
0.731154794
0.731450527
0.731653527
0.731943976
0.732106342
0.732494863
0.732675199
0.732985625
0.733161922
0.733412302
0.733756818
0.733913174
0.734149475
0.734407893
0.734706353
0.734980823
0.735221131
0.735467547
0.735717897
0.735936251
0.736182644
0.736474226
0.736649434
0.736939845
0.737176212
0.737436623
0.737646937
0.737873329
0.738157721
0.738260027
0.738618516
0.738904929
0.739153292
0.739421757
0.739590037
0.739846465
0.740182945
0.740391244
0.740613641
0.740896066
0.741120407
0.741521051
0.741704982
0.741969728
0.742200124
0.742462547
0.742726969
0.742919293
0.743231767
0.7434741
0.743762564
0.743980899
0.744281411
0.744523728
0.74475621
0.744986473
0.745152769
0.745497369
0.745843873
0.746072188
0.746234476
0.746504905
0.746749247
0.747043731
0.747229998
0.74755456
0.747738806
0.747979203
0.748229587
0.748536105
0.748658304
0.749046886
0.749273248
0.749491596
0.749824118
0.750094496
0.750334944
0.750507145
0.750753566
0.750994054
0.751300649
0.751613138
0.751779273
0.752073653
0.75226593
0.752490308
0.752744694
0.753071214
0.753346752
0.753656158
0.753866454
0.754070854
0.754317148
0.754599609
0.75484597
0.75517855
0.755408879
0.755542144
0.755883642
0.756069916
0.756340319
0.756590774
0.756785035
0.757073494
0.757319959
0.757616323
0.757866692
0.758069105
0.758348718
0.758575838
0.758832245
0.759150796
0.759365091
0.75959555
0.759867895
0.76012428
0.760288557
0.760593049
0.760877445
0.761009672
0.761407837
0.761590596
0.761889044
0.762089369
0.762369823
0.762678325
0.762862652
0.763092946
0.763443563
0.763669855
0.763872007
0.764062476
0.764381101
0.764633384
0.764935836
0.765154185
0.765388572
0.765636972
0.765967474
0.766227918
0.766368112
0.766616768
0.76687689
0.767209418
0.767367672
0.767646132
0.767982627
0.768116919
0.768375269
0.768669748
0.768868045
0.769136486
0.769369455
0.769639218
0.769939738
0.770234179
0.770478541
0.770674971
0.770905249
0.771179695
0.771396045
0.771656424
0.771924866
0.772183247
0.772511775
0.772681997
0.772850334
0.773164791
0.773427176
0.773773755
0.773977256
0.774218435
0.774510887
0.774699196
0.775023699
0.775226022
0.775398412
0.775772898
0.775959154
0.776167575
0.776572126
0.77674443
0.776956762
0.77726723
0.777447502
0.777735967
0.777952308
0.778196673
0.778371014
0.778707517
0.778905357
0.779247723
0.779396628
0.779697055
0.779947462
0.780111817
0.780488304
0.780728715
0.780969099
0.781222179
0.781437147
0.781704193
0.782036744
0.782281096
0.782455392
0.782801972
0.782858028
0.783256373
0.783527089
0.78374741
0.784007892
0.784228215
0.784552676
0.784773017
0.785027828
0.785257799
0.785498165
0.785816691
0.786073097
0.786295475
0.78654786
0.786786182
0.786984509
0.787226913
0.787541399
0.787887923
0.788018138
0.788242489
0.788503
0.788853436
0.789023708
0.789246064
0.789482566
0.789867022
0.790089395
0.790383866
0.790602219
0.790832577
0.791072603
0.791365394
0.791631815
0.791850207
0.792172644
0.792362956
0.792647413
0.792939848
0.793130671
0.793434639
0.793614954
0.793943488
0.794171792
0.794328068
0.79468862
0.794894952
0.795143006
0.795425741
0.795636074
0.795884519
0.796134955
0.796407338
0.796681734
0.796942156
0.797166616
0.797433921
0.797611198
0.798029896
0.798224172
0.798508645
0.798815085
0.799033442
0.799265813
0.799502191
0.799772589
0.799991559
0.800337499
0.800409688
0.800806245
0.801062614
0.801252924
0.801545384
0.801814895
0.802038159
0.802220455
0.802540955
0.802767314
0.803013824
0.803184004
0.803496454
0.803760906
0.804067366
0.804275702
0.804506317
0.804702438
0.805044884
0.805243213
0.80550966
0.805786084
0.806026512
0.806302897
0.806563277
0.806799653
0.807034074
0.80724638
0.807538803
0.807789197
0.808025569
0.80835608
0.808588467
0.808832852
0.809117304
0.809367736
0.809642093
0.809908541
0.810132918
0.810333206
0.810589602
0.810843995
0.811058404
0.811424922
0.811597199
0.811829587
0.812148082
0.812342416
0.812646873
0.812877202
0.813073501
0.813369993
0.813632397
0.813862761
0.814107139
0.814397598
0.814668089
0.814899226
0.815206856
0.815333092
0.815621579
0.815928007
0.816168378
0.816334683
0.816695203
0.816935572
0.817179956
0.817388317
0.817660719
0.817827053
0.818145501
0.818389865
0.818568158
0.818844577
0.819187127
0.819369422
0.819565806
0.819892258
0.820186662
0.820439141
0.820637399
0.820859785
0.821148309
0.821388569
0.821683103
0.821847333
0.822081732
0.822444253
0.822738689
0.822899001
0.823199432
0.823441823
0.823700217
0.823890546
0.824199031
0.82441338
0.824665724
0.82490009
0.825158528
0.825348828
0.82558318
0.825883654
0.826156153
0.826392501
0.826723014
0.826975347
0.82721775
0.827422067
0.827664491
0.827986958
0.828195319
0.828431697
0.828746168
0.828954475
0.829226929
0.829487331
0.829725728
0.830006158
0.830265361
0.83053503
0.830831457
0.831121887
0.83137228
0.83156258
0.831811006
0.831899544
0.832385889
0.832562165
0.83278453
0.833042913
0.833311316
0.833525662
0.833832202
0.833958373
0.834308936
0.834541272
0.83480972
0.835042108
0.835314496
0.835584911
0.835809251
0.836019654
0.836278405
0.836520398
0.836822846
0.837059245
0.837263523
0.837515935
0.837822448
0.838008725
0.83832523
0.838611767
0.838788311
0.839070363
0.839376859
0.83961524
0.839839586
0.840158168
0.840316333
0.840576834
0.840841212
0.841103076
0.841359997
0.841590376
0.841922896
0.842229329
0.842385588
0.842637995
0.842900438
0.843150793
0.843343142
0.843604987
0.843831902
0.84410832
0.84437871
0.84469323
0.844889583
0.845158019
0.845366287
0.845606702
0.845931761
0.846191601
0.846518115
0.846684356
0.84702288
0.847219247
0.847521686
0.847780072
0.84794036
0.848222822
0.848593341
0.848777691
0.849064081
0.849272427
0.849528868
0.849813323
0.850067688
0.850328519
0.85056848
0.850822842
0.850993134
0.85132567
0.851558064
0.851858497
0.852020778
0.852377289
0.852547615
0.852789957
0.85307042
0.853308754
0.853525166
0.853807552
0.854098015
0.854210199
0.854570773
0.854767075
0.855007533
0.855241818
0.85554833
0.855726632
0.85610267
0.856299507
0.856567881
0.85680632
0.857098759
0.857295033
0.857581519
0.857763777
0.857952099
0.858236523
0.85850896
0.858811445
0.859061832
0.859226153
0.859530547
0.859829016
0.860069424
0.860334202
0.86054422
0.86079458
0.861042963
0.861255301
0.861467621
0.861732011
0.862016493
0.86229897
0.862585362
0.862813747
0.862984035
0.863250402
0.863478774
0.8637312
0.864046308
0.864261985
0.864494413
0.864836913
0.865071253
0.865281632
0.865556064
0.865772379
0.86600276
0.866275545
0.866557668
0.866822026
0.867108445
0.86736485
0.867623277
0.867817666
0.868108013
0.868316363
0.868590352
0.868849116
0.869097579
0.869303908
0.869610429
0.869836787
0.870115207
0.870469741
0.870664035
0.870918461
0.871092766
0.871428638
0.871621576
0.87190205
0.872130359
0.87236875
0.872683241
0.872969692
0.873136
0.873416371
0.873690811
0.873863091
0.874107482
0.874341848
0.874622252
0.874844629
0.875153107
0.875389603
0.875679914
0.875870263
0.876196754
0.876407106
0.876695527
0.876845787
0.877112236
0.877430689
0.877594969
0.877873379
0.878119779
0.878378227
0.878544544
0.878921066
0.879059224
0.879399839
0.879726292
0.8798485
0.88014094
0.880329286
0.880661762
0.880804052
0.881265177
0.881398955
0.881683414
0.882025931
0.882088072
0.882366441
0.882602831
0.882881254
0.883177723
0.883345139
0.883628447
0.883872814
0.884085224
0.884361591
0.884585945
0.884880402
0.885126828
0.885393192
0.885648023
0.885885981
0.886168429
0.886422833
0.88666125
0.886997743
0.887160003
0.887432417
0.887694815
0.887953226
0.888107536
0.888456025
0.888634316
0.888882774
0.889273304
0.889495643
0.889718056
0.890006501
0.890314936
0.890473242
0.890775706
0.891008034
0.891242422
0.891462787
0.891743194
0.891973547
0.892238012
0.892442319
0.892694742
0.893019205
0.89327165
0.893506002
0.893712319
0.893969805
0.89421511
0.894457459
0.894782008
0.895054382
0.895212619
0.895489102
0.895737538
0.896005902
0.896302374
0.896485662
0.896749086
0.897083575
0.897347992
0.897482258
0.897834768
0.89802109
0.898215379
0.898539893
0.898726174
0.898973742
0.899327956
0.899539478
0.899743768
0.900042243
0.900308675
0.9004709
0.900819448
0.901027788
0.901230192
0.901559173
0.901809971
0.901969288
0.902315827
0.90253415
0.902760536
0.903030911
0.903201266
0.903503713
0.903772123
0.90401849
0.904262166
0.904591414
0.904875832
0.905028076
0.905138274
0.905568932
0.905815306
0.906053699
0.906272114
0.90655247
0.906850926
0.907049262
0.907285629
0.907544026
0.907826513
0.908067763
0.908305293
0.90856963
0.90890419
0.909140525
0.909308805
0.90955522
0.90984719
0.91011608
0.910372476
0.91058282
0.910921385
0.911291932
0.911523067
0.911662515
0.911942961
0.912259432
0.912439707
0.912664079
0.912990568
0.913140829
0.913459703
0.913617596
0.913934108
0.914254588
0.914452914
0.914697281
0.914939664
0.915258145
0.91548651
0.915634787
0.915887164
0.916227703
0.916482074
0.916688416
0.916912755
0.917187193
0.917421554
0.91758983
0.917942069
0.918150717
0.918425153
0.918677632
0.918959968
0.919286507
0.919506846
0.919761343
0.919977582
0.920225955
0.920484373
0.92071676
0.920937085
0.921239566
0.921475918
0.921756381
0.921964743
0.922247191
0.922497547
0.92279
0.923038411
0.923294234
0.923465057
0.923793592
0.923971854
0.924202241
0.924588842
0.92469301
0.924941415
0.925322439
0.925550333
0.925780682
0.926029129
0.926267499
0.926437734
0.926758221
0.927004368
0.927333158
0.927539449
0.927833943
0.928088338
0.928364805
0.928597172
0.928911611
0.929083897
0.929394394
0.92959671
0.929885149
0.930109522
0.930341902
0.930508218
0.930852683
0.931122469
0.931365505
0.931649995
0.931902346
0.932102649
0.932385146
0.932531344
0.932931956
0.933025345
0.933348606
0.933534946
0.933865473
0.934103793
0.934356194
0.93456854
0.934780875
0.935101342
0.935375788
0.935518063
0.935854585
0.936143028
0.936403393
0.936677813
0.936886202
0.937142578
0.937445007
0.937652886
0.937893753
0.938120087
0.938356464
0.938560791
0.938859286
0.939139706
0.9393941
0.939605474
0.939870855
0.940029103
0.940395682
0.940614011
0.940814354
0.941134113
0.941377215
0.941529534
0.941819984
0.9421945
0.942368763
0.942683261
0.942863546
0.943095919
0.943336316
0.943626762
0.943887214
0.944141569
0.944420031
0.944670426
0.944864721
0.945113128
0.945339164
0.945718097
0.945934391
0.946122718
0.946323022
0.946679597
0.94682178
0.947222408
0.947428757
0.947669135
0.947909529
0.948203965
0.948476386
0.948738798
0.948945145
0.949249591
0.949506002
0.94972238
0.949956702
0.950261202
0.950417482
0.950647813
0.950922228
0.951264799
0.951505151
0.95175754
0.951955901
0.952232292
0.952494687
0.952739073
0.95302153
0.953077644
0.95344223
0.953694607
0.954049165
0.954283543
0.954405745
0.954722201
0.954948548
0.955208988
0.955469382
0.955681697
0.955980197
0.956258641
0.95648703
0.956759425
0.95693368
0.957218125
0.957498572
0.957766979
0.95801536
0.958231724
0.958426013
0.95872449
0.95880466
0.959213244
0.959569854
0.959764142
0.959974448
0.96024289
0.960515306
0.960765711
0.960978045
0.961280505
0.961438796
0.961717196
0.962035721
0.962268074
0.962488421
0.962724809
0.963045286
0.963241589
0.963570103
0.96371837
0.964026851
0.96424919
0.964525593
0.964774009
0.96501442
0.965288792
0.965559236
0.965783618
0.966050105
0.966322445
0.966556808
0.966845294
0.966985556
0.967215901
0.967612492
0.967814865
0.968041159
0.968379705
0.968606055
0.96886243
0.969078785
0.96931115
0.969569591
0.969821595
0.970076349
0.970318751
0.97057516
0.97080149
0.971093941
0.97135238
0.971572733
0.97186115
0.972099514
0.972355913
0.972614335
0.97284872
0.973087074
0.973383572
0.97354383
0.973878347
0.974122711
0.974343049
0.97457341
0.974849332
0.975116258
0.975418736
0.975655129
0.975935553
0.976254043
0.976440378
0.976710776
0.976979204
0.977119484
0.977431896
0.977646231
0.977988757
0.978155069
0.978373385
0.978607184
0.978878178
0.979156663
0.979375019
0.979733522
0.979939877
0.98010016
0.980438678
0.980703048
0.980927427
0.981237881
0.981490309
0.981676562
0.981983068
0.9822014
0.982457842
0.982758267
0.983019879
0.983184945
0.983397324
0.983727825
0.983994214
0.984150523
0.984451025
0.984785504
0.985003887
0.985273018
0.985444502
0.985684967
0.986005412
0.986333893
0.986516172
0.986758564
0.987059033
0.98721527
0.98752978
0.987798805
0.98801661
0.988337038
0.988605477
0.988805821
0.989056219
0.989314579
0.989621059
0.989827408
0.990204006
0.990324589
0.990706785
0.990887071
0.991049355
0.991301791
0.991636243
0.99189663
0.992181095
0.992415478
0.992675859
0.992922054
0.993072494
0.993348954
0.993591332
0.993907837
0.994142191
0.99433051
0.994632987
0.994909393
0.995131729
0.995444274
0.9956569
0.995983053
0.996177374
0.996395707
0.99658206
0.996980639
0.997188965
0.997489436
0.997765893
0.997982212
0.99829671
0.998483198
0.998713364
0.998931733
0.999214169
0.999448575
0.999771072
1.000051457
1.000260657
1.000556269
1.000776591
1.001037052
1.001225359
1.001533813
1.001826296
1.002052629
1.002377109
1.002579436
1.002789758
1.00293803
1.003316681
1.003595042
1.003853438
1.00412187
1.004318194
1.004590615
1.004885077
1.005091336
1.005387884
1.005568145
1.005862656
1.006068949
1.006425531
1.006675906
1.00686219
1.007120593
1.007294879
1.007661453
1.007955937
1.008102167
1.008508809
1.008763632
1.009041631
1.00930605
1.009460251
1.009656629
1.010081248
1.010319628
1.010483855
1.010754311
1.011020702
1.011265133
1.011601642
1.011876052
1.012108437
1.012364237
1.012591208
1.012783494
1.013112004
1.013416477
1.013584734
1.013831133
1.014113583
1.014372003
1.014678473
1.014866111
1.015099155
1.015325495
1.015706079
1.01592843
1.01618687
1.016451302
1.016781769
1.016960057
1.017232507
1.017464847
1.01764314
1.017949617
1.018220026
1.0183803
1.018759333
1.018996174
1.019203582
1.019421953
1.019828572
1.020022896
1.020231194
1.020557706
1.020910264
1.021044485
1.021344944
1.021605334
1.021833711
1.022066092
1.022364536
1.022600806
1.022841619
1.02315412
1.023348133
1.023558446
1.023909
1.0241674
1.02441981
1.024676184
1.024934599
1.02522908
1.025495475
1.025721816
1.026066066
1.026306767
1.026533121
1.026765473
1.027083983
1.027356402
1.027542723
1.027849185
1.028131632
1.028368002
1.02860441
1.028866534
1.029111181
1.029427716
1.029706081
1.029878371
1.030210911
1.030469295
1.030757745
1.030889972
1.031294586
1.031485916
1.03176257
1.031965714
1.032246099
1.032498528
1.032825005
1.033143515
1.033377872
1.033632315
1.033836584
1.034117061
1.034383487
1.034620767
1.034875522
1.035146667
1.035282864
1.035613419
1.035769619
1.035957916
1.036134222
1.036436706
1.036655007
1.03691743
1.0371446
1.037376165
1.037642565
1.037826876
1.038059254
1.03832969
1.038668254
1.038914567
1.039237092
1.039415618
1.03967637
1.039956211
1.040104466
1.040386949
1.04077951
1.040995886
1.041240252
1.041536718
1.041799115
1.042025489
1.042402061
1.042586371
1.042816741
1.043081132
1.043287448
1.043565911
1.043882412
1.044082725
1.044365729
1.04457146
1.044829858
1.045084333
1.045330659
1.045585045
1.045759332
1.046075823
1.046208046
1.046380349
1.046680788
1.046823012
1.047073432
1.047175572
1.047425981
1.047616248
1.047830603
1.047992834